Taxon	SC7493	SC7090	SC7285	SC7278	SC7494	SC7483	SC7288	SC7492	SC7482	SC7276	SC7291	SC7489	SC7289	SC7480	SC7290	SC7485	SC7277	SC7283	SC7294	SC7481	SC7281	SC7280	SC7293	SC7282	SC7477	SC7295	SC7484	B6donor	SC7279	SC1995	SC7496	SC1900	SC7292	SC7478	SC1993	SC7299	SC7576	SC7499	SC7287	SC7495	SC7296	SC7297	SC7498	SC7578	SC7490	SC7298	SC7491	SC7479	SC7488	SC7286	SC7497	SC7577	SC7476	SC7486	SC7487
k__Archaea;p__Crenarchaeota;c__Thaumarchaeota;o__Nitrososphaerales;f__Nitrososphaeraceae	0.0	0.0	0.0	0.0	0.0	0.0	0.0	0.0	0.0	0.0	0.0	0.0	0.0	0.0	0.0	0.0	0.0	0.0	0.0	0.0	0.0	0.0	1.68033337814e-05	0.0	0.0	0.0	0.0	0.0	0.0	0.0	0.0	0.0	0.0	0.0	0.0	0.0	0.0	0.0	0.0	0.0	0.0	0.0	0.0	0.0	0.0	0.0	0.0	0.0	0.0	0.0	0.0	0.0	0.0	0.0	0.0
k__Archaea;p__Euryarchaeota;c__Methanobacteria;o__Methanobacteriales;f__Methanobacteriaceae	0.0	0.0	0.0	0.0	0.0	0.0	0.0	0.0	0.0	0.0	0.0	0.0	0.0	0.0	0.0	0.0	0.0	0.0	0.0	0.0	0.0	0.0	1.68033337814e-05	0.0	0.0	0.0	0.0	0.0	0.0	0.0	0.0	0.0	0.0	0.0	0.0	0.0	0.0	0.0	0.0	0.0	0.0	0.0	0.0	0.0	0.0	0.0	0.0	0.0	0.0	0.0	0.0	0.0	0.0	0.0	0.0
k__Bacteria;p__Acidobacteria;c__Acidobacteria-6;o__iii1-15;f__	0.0	0.0	2.69265980936e-05	2.23194357647e-05	0.0	0.0	0.0	0.0	0.0	0.0	0.0	0.0	0.0	0.0	0.0	0.0	0.0	0.0	0.0	0.0	1.3878865264e-05	0.0	0.0	0.0	0.0	0.0	0.0	0.0	0.0	0.0	0.0	0.0	0.0	0.0	0.0	0.0	0.0	0.0	0.0	0.0	2.5117423957e-05	0.0	0.0	0.0	0.0	0.0	0.0	0.0	0.0	0.0	0.0	0.0	0.0	0.0	0.0
k__Bacteria;p__Acidobacteria;c__Acidobacteria-6;o__iii1-15;f__RB40	0.0	0.0	0.0	0.0	0.0	0.0	0.0	0.0	0.0	0.0	0.0	0.0	0.0	0.0	0.0	0.0	0.0	0.0	0.0	0.0	0.0	0.0	0.0	0.0	0.0	0.0	0.0	0.0	0.0	0.0	0.0	0.0	0.0	0.0	0.0	0.0	0.0	0.0	0.0	0.0	0.0	0.0	0.0	0.0	0.0	0.0	3.06109954696e-05	0.0	0.0	0.0	0.0	0.0	0.0	0.0	0.0
k__Bacteria;p__Acidobacteria;c__Acidobacteria-6;o__iii1-15;f__mb2424	0.0	0.0	0.0	0.0	0.0	0.0	0.0	0.0	0.0	0.0	0.0	0.0	0.0	0.0	0.0	0.0	0.0	0.0	0.0	0.0	0.0	0.0	0.0	0.0	0.0	0.0	0.0	2.91485702626e-05	0.0	0.0	0.0	0.0	0.0	0.0	0.0	0.0	0.0	0.0	0.0	0.0	0.0	0.0	0.0	0.0	0.0	0.0	0.0	0.0	0.0	0.0	0.0	0.0	0.0	0.0	0.0
k__Bacteria;p__Acidobacteria;c__Acidobacteriia;o__Acidobacteriales;f__Acidobacteriaceae	0.0	0.0	0.0	0.0	0.0	0.0	0.0	0.0	0.0	0.0	0.0	0.0	0.0	0.0	0.0	0.0	0.0	0.0	0.0	0.0	0.0	0.0	0.0	0.0	0.0	0.0	0.0	0.0	0.0	0.0	0.0	0.0	0.0	2.25575782184e-05	0.0	0.0	0.0	0.0	0.0	0.0	0.0	0.0	0.0	0.0	0.0	0.0	0.0	0.0	0.0	0.0	0.0	0.0	0.0	0.0	0.0
k__Bacteria;p__Acidobacteria;c__DA052;o__Ellin6513;f__	0.0	0.0	0.0	0.0	0.0	0.0	0.0	0.0	0.0	0.0	0.0	0.0	0.0	0.0	0.0	0.0	0.0	0.0	0.0	0.0	0.0	0.0	0.0	3.91772771792e-05	0.0	0.0	0.0	0.0	0.0	0.0	0.0	0.0	0.0	0.0	0.0	0.0	0.0	0.0	0.0	0.0	0.0	0.0	0.0	0.0	0.0	0.0	0.0	0.0	5.99916011758e-05	0.0	0.0	0.0	0.0	0.0	0.0
k__Bacteria;p__Acidobacteria;c__Holophagae;o__Holophagales;f__Holophagaceae	0.0	0.0	0.0	0.0	2.87505031338e-05	0.0	0.0	0.0	0.0	0.0	0.0	2.77654375833e-05	0.0	0.0	1.37999558401e-05	0.0	0.0	0.0	0.0	0.0	0.0	0.0	0.0	0.0	0.0	0.0	0.0	2.91485702626e-05	0.0	0.0	3.13273393691e-05	0.0	0.0	2.25575782184e-05	0.0	0.0	2.54614894971e-05	0.0	0.0	0.0	0.0	0.0	0.0	0.0	2.59107633311e-05	0.0	0.0	2.43652843429e-05	0.0	0.0	0.0	0.0	0.0	0.0	0.0
k__Bacteria;p__Acidobacteria;c__Solibacteres;o__Solibacterales;f__	0.0	0.0	0.0	0.0	0.0	0.0	0.0	0.0	0.0	0.0	0.0	0.0	0.0	0.0	0.0	0.0	0.0	0.0	0.0	0.0	0.0	0.0	0.0	0.0	0.0	0.0	0.0	0.0	0.0	0.0	0.0	0.0	0.0	0.0	0.0	0.0	0.0	0.0	0.0	0.0	0.0	0.0	0.0	0.0	2.59107633311e-05	0.0	0.0	0.0	0.0	0.0	0.0	0.0	0.0	0.0	0.0
k__Bacteria;p__Acidobacteria;c__Solibacteres;o__Solibacterales;f__Solibacteraceae	2.81618744544e-05	0.0	0.0	0.0	0.0	0.0	0.0	0.0	0.0	0.0	0.0	0.0	0.0	0.0	0.0	0.0	0.0	0.0	0.0	0.0	0.0	0.0	0.0	0.0	0.0	0.0	0.0	0.0	0.0	0.0	0.0	0.0	0.0	0.0	0.0	0.0	0.0	0.0	0.0	2.70489586151e-05	0.0	0.0	0.0	0.0	0.0	0.0	0.0	0.0	0.0	0.0	0.0	0.0	0.0	0.0	0.0
k__Bacteria;p__Acidobacteria;c__[Chloracidobacteria];o__RB41;f__Ellin6075	0.0	0.0	0.0	0.0	0.0	0.0	0.0	0.0	1.93397412343e-05	0.0	1.39287405633e-05	0.0	0.0	0.0	0.0	0.0	0.0	0.0	0.0	0.0	0.0	0.0	0.0	0.0	0.0	0.0	0.0	2.91485702626e-05	0.0	0.0	0.0	2.36038332625e-05	0.0	0.0	0.0	0.0	0.0	0.0	0.0	0.0	0.0	2.5235319353e-05	0.0	0.0	0.0	0.0	0.0	0.0	0.0	0.0	0.0	0.0	0.0	0.0	0.0
k__Bacteria;p__Actinobacteria;c__Acidimicrobiia;o__Acidimicrobiales;f__C111	0.0	0.0	0.0	0.0	0.0	0.0	0.0	0.0	0.0	1.69695735546e-05	0.0	0.0	0.0	0.0	0.0	0.0	0.0	0.0	0.0	0.0	0.0	0.0	0.0	0.0	0.0	0.0	0.0	0.0	0.0	0.0	0.0	0.0	0.0	0.0	0.0	0.0	0.0	0.0	0.0	0.0	0.0	0.0	0.0	0.0	0.0	0.0	0.0	0.0	0.0	0.0	6.19156708563e-05	0.0	0.0	0.0	0.0
k__Bacteria;p__Actinobacteria;c__Actinobacteria;o__;f__	0.0	0.0	0.0	0.0	0.0	0.0	0.0	0.0	0.0	0.0	0.0	0.0	1.80212650928e-05	0.0	0.0	0.0	0.0	0.0	0.0	0.0	0.0	0.0	0.0	0.0	0.0	0.0	0.0	0.0	0.0	0.0	0.0	0.0	0.0	0.0	0.0	0.0	0.0	0.0	0.0	0.0	0.0	0.0	0.0	0.0	0.0	0.0	0.0	0.0	0.0	0.0	0.0	0.0	0.0	0.0	0.0
k__Bacteria;p__Actinobacteria;c__Actinobacteria;o__Actinomycetales;f__	0.0	0.0	0.0	0.0	0.0	0.0	0.0	0.0	0.0	0.0	0.0	0.0	0.0	2.01592581393e-05	0.0	2.76617520954e-05	0.0	0.0	0.0	0.0	2.7757730528e-05	0.0	3.36066675628e-05	0.0	0.0	0.0	2.36055048037e-05	0.0	0.0	0.0	0.0	0.0	0.0	0.0	0.0	0.0	0.0	0.0	0.0	2.70489586151e-05	0.0	0.0	0.0	0.0	0.0	0.0	0.0	0.0	0.0	0.0	0.0	0.0	0.0	0.0	0.0
k__Bacteria;p__Actinobacteria;c__Actinobacteria;o__Actinomycetales;f__ACK-M1	0.0	0.0	0.0	0.0	0.0	0.0	0.0	0.0	0.0	1.69695735546e-05	0.0	0.0	0.0	0.0	0.0	0.0	0.0	0.0	0.0	0.0	0.0	0.0	0.0	0.0	0.0	0.0	0.0	0.0	0.0	0.0	0.0	0.0	0.0	0.0	0.0	0.0	0.0	0.0	0.0	0.0	2.5117423957e-05	0.0	0.0	0.0	0.0	0.0	0.0	0.0	0.0	0.0	0.0	0.0	0.0	0.0	0.0
k__Bacteria;p__Actinobacteria;c__Actinobacteria;o__Actinomycetales;f__Actinomycetaceae	0.0	0.0	0.0	0.0	0.0	0.0	0.0	0.0	0.0	0.0	0.0	0.0	0.0	0.0	0.0	0.0	0.0	0.0	0.0	0.0	0.0	0.0	0.0	0.0	0.0	0.0	0.0	0.0	0.0	0.0	0.0	0.0	0.0	0.0	0.0	0.0	0.0	2.7695460714e-05	0.0	0.0	0.0	0.0	0.0	0.0	0.0	0.0	0.0	0.0	0.0	2.38726157225e-05	0.0	0.0	0.0	0.0	0.0
k__Bacteria;p__Actinobacteria;c__Actinobacteria;o__Actinomycetales;f__Brevibacteriaceae	0.0	0.0	0.0	0.0	2.87505031338e-05	0.0	0.0	0.0	0.0	0.0	0.0	0.0	0.0	0.0	0.0	0.0	0.0	2.76977620208e-05	0.0	0.0	0.0	0.0	0.0	0.0	0.0	0.0	0.0	0.0	0.0	0.0	3.13273393691e-05	0.0	0.0	0.0	0.0	0.0	0.0	0.0	0.0	0.0	2.5117423957e-05	0.0	0.0	0.0	2.59107633311e-05	2.3970468383e-05	0.0	0.0	0.0	0.0	0.0	0.0	0.0	2.81888653982e-05	0.0
k__Bacteria;p__Actinobacteria;c__Actinobacteria;o__Actinomycetales;f__Cellulomonadaceae	0.0	0.0	0.0	0.0	0.0	0.0	0.0	0.0	0.0	0.0	0.0	2.77654375833e-05	0.0	0.0	0.0	0.0	0.0	0.0	0.0	0.0	0.0	0.0	0.0	0.0	0.0	0.0	0.0	0.0	0.0	0.0	0.0	0.0	0.0	0.0	0.0	0.0	0.0	0.0	0.0	0.0	0.0	0.0	0.0	0.0	0.0	0.0	0.0	0.0	0.0	0.0	0.0	0.0	0.0	0.0	0.0
k__Bacteria;p__Actinobacteria;c__Actinobacteria;o__Actinomycetales;f__Corynebacteriaceae	2.81618744544e-05	0.0	2.69265980936e-05	0.000111597178823	0.0	0.0	2.75649153757e-05	6.04138347682e-05	0.0	3.39391471092e-05	0.0	2.77654375833e-05	3.60425301856e-05	2.01592581393e-05	1.37999558401e-05	0.0	2.32671769934e-05	0.0	2.07262477201e-05	1.76834659593e-05	0.0	0.0	0.0	3.91772771792e-05	0.0	0.0	0.0	0.0	1.87694733286e-05	0.0	0.0	0.0	0.0	0.0	0.0	0.0	0.0	0.0	0.0	0.0	0.0	2.5235319353e-05	0.0	0.0	0.0	2.3970468383e-05	0.0	0.0	2.99958005879e-05	2.38726157225e-05	0.0	0.0	0.0	2.81888653982e-05	6.08790941191e-05
k__Bacteria;p__Actinobacteria;c__Actinobacteria;o__Actinomycetales;f__Dermabacteraceae	0.0	0.0	0.0	0.0	0.0	2.79782888479e-05	0.0	0.0	0.0	1.69695735546e-05	0.0	0.0	1.80212650928e-05	2.01592581393e-05	1.37999558401e-05	0.0	0.0	0.0	0.0	0.0	0.0	2.87807054151e-05	0.0	0.0	0.0	0.0	0.0	0.0	0.0	0.0	0.0	0.0	0.0	0.0	0.0	0.0	0.0	0.0	0.0	0.0	0.0	0.0	0.0	0.0	0.0	0.0	0.0	0.0	0.0	0.0	0.0	0.0	0.0	0.0	0.0
k__Bacteria;p__Actinobacteria;c__Actinobacteria;o__Actinomycetales;f__Dermacoccaceae	0.0	0.0	0.0	0.0	2.87505031338e-05	0.0	0.0	0.0	0.0	0.0	0.0	0.0	1.80212650928e-05	0.0	0.0	0.0	0.0	0.0	0.0	0.0	1.3878865264e-05	4.31710581226e-05	3.36066675628e-05	0.0	0.0	7.38034613823e-05	4.72110096074e-05	5.82971405253e-05	0.0	0.0	0.0	0.0	3.14826766572e-05	2.25575782184e-05	0.0	2.7283640729e-05	2.54614894971e-05	2.7695460714e-05	1.7047972996e-05	0.0	0.0	0.0	0.0	0.0	0.0	2.3970468383e-05	0.0	0.0	0.0	2.38726157225e-05	0.0	2.41709368655e-05	0.0	0.0	0.0
k__Bacteria;p__Actinobacteria;c__Actinobacteria;o__Actinomycetales;f__Dietziaceae	0.0	0.0	0.0	0.0	0.0	0.0	0.0	0.0	0.0	0.0	0.0	0.0	0.0	0.0	0.0	0.0	0.0	0.0	0.0	0.0	0.0	0.0	0.0	0.0	0.0	0.0	0.0	2.91485702626e-05	0.0	0.0	0.0	0.0	0.0	0.0	0.0	0.0	0.0	0.0	0.0	0.0	0.0	0.0	0.0	0.0	0.0	2.3970468383e-05	0.0	0.0	0.0	0.0	0.0	0.0	0.0	2.81888653982e-05	0.0
k__Bacteria;p__Actinobacteria;c__Actinobacteria;o__Actinomycetales;f__Intrasporangiaceae	0.0	0.0	0.0	0.0	0.0	0.0	0.0	0.0	0.0	1.69695735546e-05	0.0	0.0	0.0	0.0	0.0	0.0	0.0	0.0	2.07262477201e-05	0.0	0.0	1.43903527075e-05	0.0	0.0	0.0	0.0	2.36055048037e-05	0.0	0.0	0.0	0.0	0.0	0.0	0.0	0.0	0.0	0.0	0.0	0.0	0.0	0.0	0.0	0.0	0.0	0.0	0.0	0.0	0.0	0.0	0.0	0.0	0.0	0.0	0.0	0.0
k__Bacteria;p__Actinobacteria;c__Actinobacteria;o__Actinomycetales;f__Microbacteriaceae	2.81618744544e-05	2.32531101035e-05	5.38531961872e-05	2.23194357647e-05	0.0	2.79782888479e-05	0.0	0.0	0.0	1.69695735546e-05	2.78574811266e-05	2.77654375833e-05	1.80212650928e-05	4.03185162786e-05	1.37999558401e-05	0.0	0.0	2.76977620208e-05	2.07262477201e-05	0.0	1.3878865264e-05	0.0	0.0	0.0	2.56180350967e-05	0.0	0.0	0.0	0.0	0.0	0.0	2.36038332625e-05	1.57413383286e-05	0.0	3.12685657109e-05	2.7283640729e-05	0.0	8.3086382142e-05	0.0	2.70489586151e-05	0.0	2.5235319353e-05	3.28947368421e-05	0.0	0.0	0.0	3.06109954696e-05	4.87305686857e-05	2.99958005879e-05	0.0	0.0	0.0	0.0	2.81888653982e-05	3.04395470595e-05
k__Bacteria;p__Actinobacteria;c__Actinobacteria;o__Actinomycetales;f__Micrococcaceae	0.0	0.0	0.0	0.0	2.87505031338e-05	0.0	0.0	0.0	0.0	1.69695735546e-05	0.0	0.0	0.0	0.0	0.0	5.53235041908e-05	2.32671769934e-05	2.76977620208e-05	2.07262477201e-05	1.76834659593e-05	0.0	1.43903527075e-05	0.0	0.0	0.0	0.0	2.36055048037e-05	0.0	0.0	0.0	0.0	0.0	0.0	0.0	0.0	0.0	0.0	0.0	0.0	0.0	0.0	2.5235319353e-05	0.0	0.0	0.0	0.0	0.0	0.0	0.0	0.0	0.0	0.0	0.0	0.0	0.0
k__Bacteria;p__Actinobacteria;c__Actinobacteria;o__Actinomycetales;f__Mycobacteriaceae	0.0	0.0	2.69265980936e-05	0.0	0.0	0.0	2.75649153757e-05	0.0	0.0	0.0	0.0	0.0	0.0	0.0	0.0	0.0	0.0	0.0	0.0	0.0	0.0	0.0	0.0	0.0	0.0	0.0	0.0	0.0	0.0	0.0	0.0	0.0	0.0	0.0	0.0	5.4567281458e-05	0.0	0.0	0.0	0.0	0.0	0.0	0.0	0.0	0.0	2.3970468383e-05	0.0	0.0	0.0	0.0	0.0	0.0	0.0	0.0	0.0
k__Bacteria;p__Actinobacteria;c__Actinobacteria;o__Actinomycetales;f__Nakamurellaceae	0.0	0.0	0.0	0.0	0.0	0.0	2.75649153757e-05	0.0	0.0	0.0	0.0	0.0	0.0	0.0	0.0	0.0	0.0	0.0	0.0	0.0	0.0	0.0	0.0	0.0	0.0	0.0	0.0	0.0	0.0	0.0	0.0	0.0	0.0	0.0	0.0	0.0	0.0	0.0	0.0	0.0	0.0	0.0	0.0	0.0	0.0	0.0	0.0	0.0	0.0	0.0	0.0	0.0	0.0	0.0	0.0
k__Bacteria;p__Actinobacteria;c__Actinobacteria;o__Actinomycetales;f__Nocardiaceae	0.0	0.0	0.0	0.0	0.0	2.79782888479e-05	0.0	0.0	0.0	0.0	0.0	0.0	0.0	0.0	0.0	0.0	0.0	0.0	0.0	0.0	0.0	0.0	0.0	0.0	0.0	0.0	0.0	0.0	0.0	0.0	0.0	0.0	0.0	0.0	0.0	0.0	0.0	0.0	0.0	0.0	0.0	0.0	0.0	0.0	0.0	0.0	0.0	0.0	0.0	0.0	0.0	0.0	0.0	0.0	0.0
k__Bacteria;p__Actinobacteria;c__Actinobacteria;o__Actinomycetales;f__Nocardioidaceae	0.0	0.0	0.0	0.0	0.0	0.0	0.0	0.0	0.0	0.0	0.0	0.0	1.80212650928e-05	0.0	0.0	0.0	0.0	2.76977620208e-05	0.0	0.0	0.0	0.0	0.0	0.0	0.0	0.0	0.0	0.0	0.0	0.0	0.0	0.0	0.0	0.0	0.0	2.7283640729e-05	0.0	2.7695460714e-05	0.0	0.0	0.0	0.0	0.0	0.0	0.0	0.0	0.0	2.43652843429e-05	0.0	0.0	0.0	0.0	0.0	0.0	0.0
k__Bacteria;p__Actinobacteria;c__Actinobacteria;o__Actinomycetales;f__Pseudonocardiaceae	0.0	0.0	0.0	0.0	0.0	0.0	0.0	0.0	0.0	0.0	0.0	0.0	0.0	0.0	0.0	0.0	0.0	0.0	0.0	0.0	0.0	0.0	0.0	0.0	0.0	0.0	0.0	0.0	0.0	0.0	0.0	2.36038332625e-05	1.57413383286e-05	0.0	0.0	0.0	0.0	0.0	0.0	0.0	0.0	0.0	0.0	0.0	0.0	0.0	0.0	0.0	2.99958005879e-05	0.0	0.0	0.0	0.0	0.0	0.0
k__Bacteria;p__Actinobacteria;c__Actinobacteria;o__Actinomycetales;f__Sanguibacteraceae	0.0	0.0	0.0	0.0	0.0	0.0	0.0	0.0	0.0	0.0	0.0	0.0	0.0	0.0	0.0	0.0	0.0	0.0	0.0	0.0	0.0	0.0	0.0	0.0	0.0	0.0	0.0	0.0	0.0	0.0	0.0	0.0	0.0	0.0	0.0	2.7283640729e-05	0.0	0.0	0.0	0.0	0.0	0.0	0.0	0.0	2.59107633311e-05	0.0	0.0	0.0	0.0	0.0	0.0	0.0	0.0	0.0	0.0
k__Bacteria;p__Actinobacteria;c__Actinobacteria;o__Actinomycetales;f__Sporichthyaceae	0.0	2.32531101035e-05	0.0	0.0	0.0	0.0	0.0	0.0	0.0	1.69695735546e-05	0.0	0.0	0.0	0.0	0.0	0.0	0.0	0.0	0.0	0.0	0.0	0.0	0.0	0.0	0.0	0.0	0.0	0.0	0.0	0.0	0.0	0.0	0.0	0.0	0.0	0.0	0.0	0.0	0.0	0.0	0.0	0.0	0.0	0.0	0.0	0.0	0.0	0.0	0.0	0.0	0.0	0.0	0.0	0.0	0.0
k__Bacteria;p__Actinobacteria;c__Actinobacteria;o__Actinomycetales;f__Streptomycetaceae	0.0	0.0	0.0	2.23194357647e-05	0.0	0.0	0.0	0.0	0.0	0.0	0.0	0.0	0.0	0.0	0.0	0.0	0.0	0.0	0.0	0.0	0.0	0.0	0.0	0.0	0.0	0.0	0.0	0.0	0.0	0.0	0.0	0.0	0.0	0.0	0.0	0.0	0.0	0.0	0.0	0.0	0.0	0.0	0.0	0.0	0.0	0.0	0.0	0.0	0.0	0.0	0.0	0.0	0.0	0.0	0.0
k__Bacteria;p__Actinobacteria;c__Actinobacteria;o__Bifidobacteriales;f__Bifidobacteriaceae	5.63237489087e-05	9.30124404139e-05	2.69265980936e-05	6.6958307294e-05	0.0	2.79782888479e-05	5.51298307514e-05	6.04138347682e-05	1.93397412343e-05	8.48478677731e-05	2.78574811266e-05	5.55308751666e-05	5.40637952784e-05	2.01592581393e-05	1.37999558401e-05	8.29852562861e-05	9.30687079737e-05	0.000110791048083	4.14524954402e-05	1.76834659593e-05	8.32731915839e-05	4.31710581226e-05	6.72133351257e-05	0.0	5.12360701934e-05	3.69017306912e-05	2.36055048037e-05	5.82971405253e-05	1.87694733286e-05	0.000108592371386	0.0	2.36038332625e-05	0.0001101893683	0.0	0.0	5.4567281458e-05	0.0	2.7695460714e-05	0.000102287837976	5.40979172302e-05	2.5117423957e-05	0.000100941277412	6.57894736842e-05	4.89380444357e-05	5.18215266622e-05	2.3970468383e-05	6.12219909391e-05	2.43652843429e-05	0.00014997900294	4.7745231445e-05	0.0	2.41709368655e-05	7.35429306858e-05	8.45665961945e-05	3.04395470595e-05
k__Bacteria;p__Actinobacteria;c__Coriobacteriia;o__Coriobacteriales;f__Coriobacteriaceae	0.000816694359177	0.000697593303104	0.00107706392374	0.00218730470494	0.00491633603588	0.00209837166359	0.00421743205248	0.0108140764235	0.00117972421529	0.000831509104176	0.00115608546675	0.00272101288316	0.00111731843575	0.00137082955347	0.000910797085449	0.0158778457027	0.00125642755764	0.00135719033902	0.000974133642845	0.000335985853227	0.000985399433742	0.000849030809745	0.00119303669848	7.83545543585e-05	0.000691686947611	3.69017306912e-05	0.00167599084106	0.00107849709972	0.00101355155974	0.00211755124203	0.000626546787381	0.00120379549639	0.000850032269744	0.000924860706955	0.00218879959976	0.00122776383281	0.00134945894335	0.00299110975711	0.00395512973507	0.000784419799838	0.00108004923015	0.000782294899942	0.00513157894737	0.00345013213272	0.00336839923304	0.00115058248238	0.00146932778254	0.00209541445349	0.00662907192993	0.00472677791306	0.00291003653025	0.00667117857488	0.000956058098915	0.00394644115574	0.00852307317667
k__Bacteria;p__Actinobacteria;c__MB-A2-108;o__0319-7L14;f__	0.0	0.0	0.0	0.0	0.0	0.0	0.0	0.0	0.0	0.0	0.0	0.0	0.0	0.0	0.0	0.0	0.0	0.0	0.0	0.0	0.0	0.0	0.0	0.0	0.0	0.0	0.0	0.0	0.0	0.0	0.0	7.08114997876e-05	0.0	0.0	0.0	0.0	0.0	0.0	0.0	0.0	0.0	0.0	0.0	0.0	0.0	0.0	0.0	0.0	0.0	0.0	0.0	0.0	0.0	0.0	0.0
k__Bacteria;p__Actinobacteria;c__Thermoleophilia;o__Gaiellales;f__Gaiellaceae	0.0	0.0	0.0	0.0	0.0	0.0	0.0	0.0	1.93397412343e-05	0.0	0.0	0.0	0.0	0.0	1.37999558401e-05	0.0	0.0	0.0	0.0	0.0	0.0	0.0	0.0	0.0	0.0	0.0	0.0	0.0	1.87694733286e-05	0.0	0.0	0.0	0.0	0.0	0.0	0.0	0.0	0.0	0.0	0.0	0.0	0.0	0.0	0.0	0.0	0.0	0.0	0.0	0.0	0.0	0.0	0.0	0.0	0.0	0.0
k__Bacteria;p__Actinobacteria;c__Thermoleophilia;o__Solirubrobacterales;f__	0.0	2.32531101035e-05	0.0	0.0	0.0	0.0	0.0	0.0	0.0	0.0	0.0	0.0	0.0	0.0	0.0	0.0	0.0	0.0	0.0	0.0	0.0	0.0	0.0	0.0	0.0	0.0	0.0	0.0	0.0	0.0	0.0	0.0	0.0	0.0	0.0	0.0	0.0	0.0	0.0	0.0	0.0	0.0	0.0	0.0	0.0	0.0	0.0	0.0	0.0	0.0	0.0	0.0	0.0	0.0	0.0
k__Bacteria;p__Actinobacteria;c__Thermoleophilia;o__Solirubrobacterales;f__Patulibacteraceae	0.0	0.0	0.0	0.0	0.0	0.0	0.0	0.0	0.0	0.0	0.0	0.0	0.0	0.0	0.0	0.0	0.0	0.0	0.0	0.0	0.0	0.0	0.0	0.0	0.0	0.0	0.0	0.0	0.0	0.0	0.0	0.0	0.0	0.0	0.0	0.0	0.0	0.0	0.0	0.0	0.0	0.0	0.0	0.0	0.0	0.0	0.0	2.43652843429e-05	0.0	0.0	0.0	0.0	0.0	0.0	0.0
k__Bacteria;p__Armatimonadetes;c__Armatimonadia;o__Armatimonadales;f__Armatimonadaceae	0.0	0.0	0.0	0.0	0.0	0.0	0.0	0.0	0.0	0.0	0.0	0.0	0.0	0.0	0.0	0.0	0.0	0.0	0.0	0.0	0.0	0.0	0.0	0.0	0.0	0.0	0.0	0.0	0.0	0.0	0.0	0.0	0.0	0.0	0.0	0.0	0.0	0.0	0.0	0.0	0.0	0.0	0.0	0.0	0.0	0.0	0.0	0.0	0.0	0.0	0.0	2.41709368655e-05	0.0	0.0	0.0
k__Bacteria;p__Bacteroidetes;c__Bacteroidia;o__Bacteroidales;f__	0.00551972739306	0.000348796651552	0.00153481609134	0.0033479153647	0.00575010062676	0.00484024397068	0.00443795137549	0.000211448421689	0.00498965323844	0.0012727180166	0.00555756748475	0.00297090182141	0.00722652730222	0.000967644390686	0.00518878339589	0.0012171170922	0.00563065683241	0.00260358962996	0.00511938318687	0.00735632183908	0.00353911064231	0.0074398123498	0.0075951068692	0.0101860920666	0.00366337901883	0.00262002287907	0.0094894129311	0.000728714256566	0.00741394196479	0.00336636351296	0.00639077723129	0.00177028749469	1.57413383286e-05	0.000744400081207	0.00275163378256	0.0016915857252	0.00471037555697	0.00456975101781	0.000733062838828	0.00876386259129	0.0057267726622	0.00272541449012	0.00430921052632	0.0125526083978	0.00243561175312	0.00134234622945	0.00244887963757	0.000950246089372	0.00167976483292	0.00233951634081	0.00402451860566	0.00995842598859	0.000808972237544	0.00439746300211	0.000943625958846
k__Bacteria;p__Bacteroidetes;c__Bacteroidia;o__Bacteroidales;f__Bacteroidaceae	0.000366104367907	0.000418555981863	0.000161559588562	8.92777430587e-05	0.000143752515669	0.000195848021935	0.000220519323006	3.02069173841e-05	5.80192237028e-05	0.000339391471092	0.000153216146196	0.000194358063083	0.000288340241485	0.000221751839532	0.000206999337602	0.000110647008382	0.000302473300914	0.000609350764458	6.21787431603e-05	0.00026525198939	0.000194304113696	0.000460491286641	0.000319263341847	0.0	0.000256180350967	0.000184508653456	0.000141633028822	0.000116594281051	7.50778933143e-05	0.000624406135469	0.000125309357476	0.000684511164613	0.000251861413257	0.000315806095058	0.000218879959976	0.000136418203645	0.000101845957989	0.000166172764284	0.000289815540932	0.000324587503381	0.000125587119785	0.000227117874177	6.57894736842e-05	0.000122345111089	0.000181375343318	0.000143822810298	0.000214276968287	0.000633497392915	5.99916011758e-05	9.549046289e-05	9.28735062844e-05	0.000241709368655	0.000110314396029	5.63777307963e-05	6.08790941191e-05
k__Bacteria;p__Bacteroidetes;c__Bacteroidia;o__Bacteroidales;f__Porphyromonadaceae	8.44856233631e-05	4.6506220207e-05	2.69265980936e-05	4.46388715293e-05	8.62515094014e-05	2.79782888479e-05	5.51298307514e-05	3.02069173841e-05	5.80192237028e-05	1.69695735546e-05	8.35724433797e-05	0.000111061750333	0.000162191385835	8.06370325572e-05	2.75999116803e-05	0.000138308760477	6.98015309802e-05	8.30932860625e-05	0.000103631238601	0.000106100795756	8.32731915839e-05	5.75614108302e-05	0.0	3.91772771792e-05	0.0	0.000110705192074	7.08165144112e-05	0.000116594281051	3.75389466572e-05	0.000108592371386	0.0	2.36038332625e-05	7.87066916429e-05	2.25575782184e-05	0.0	2.7283640729e-05	0.000127307447486	0.0	0.000102287837976	0.00010819583446	5.0234847914e-05	2.5235319353e-05	9.86842105263e-05	4.89380444357e-05	0.000103643053324	4.79409367659e-05	3.06109954696e-05	0.000146191706057	0.0	9.549046289e-05	0.0	2.41709368655e-05	0.0	0.000112755461593	0.000121758188238
k__Bacteria;p__Bacteroidetes;c__Bacteroidia;o__Bacteroidales;f__Prevotellaceae	0.0	0.0	0.0	0.0	2.87505031338e-05	0.0	0.0	0.0	1.93397412343e-05	0.0	0.0	0.0	0.0	2.01592581393e-05	0.0	0.0	2.32671769934e-05	0.0	4.14524954402e-05	1.76834659593e-05	0.0	0.0	1.68033337814e-05	0.0	0.0	0.0	2.36055048037e-05	5.82971405253e-05	0.0	5.4296185693e-05	0.0	2.36038332625e-05	0.0	2.25575782184e-05	0.0	0.0	2.54614894971e-05	0.0	0.0	2.70489586151e-05	2.5117423957e-05	0.0	0.0	0.0	2.59107633311e-05	0.0	0.0	0.0	0.0	0.0	3.09578354281e-05	0.0	0.0	0.0	3.04395470595e-05
k__Bacteria;p__Bacteroidetes;c__Bacteroidia;o__Bacteroidales;f__Rikenellaceae	0.128108366893	0.0148122311359	0.0321234315257	0.256941344523	0.086797768961	0.218958088523	0.0342356248966	0.00271862256457	0.195969597927	0.0201259142358	0.113115302114	0.0327909817859	0.097278788971	0.0306219131136	0.0829377345992	0.0143287875854	0.0849949975569	0.0661145579437	0.221024705687	0.0927144120248	0.051157497363	0.106143241571	0.118463503159	0.126738491675	0.035506596644	0.12760618473	0.220853102944	0.016760427901	0.0707984533954	0.0415094339623	0.103912784687	0.0300004720767	0.025249106679	0.0207304143827	0.0181983052437	0.0268743861181	0.088453214513	0.0733652754314	0.0102458317706	0.0920205572085	0.096375555723	0.0354303883716	0.0557236842105	0.257634334932	0.0257812095144	0.0175703533247	0.0213970858332	0.024803859461	0.0137080808687	0.0210317744515	0.0597176645409	0.139925553514	0.015333701048	0.0350951374207	0.0192073541946
k__Bacteria;p__Bacteroidetes;c__Bacteroidia;o__Bacteroidales;f__S24-7	0.217465994537	0.635088943146	0.35890462599	0.0636773502366	0.313322983152	0.113703765878	0.616902806108	0.566560942456	0.113930415611	0.635799012371	0.268100398362	0.639549089294	0.395602811317	0.560266102207	0.357681055421	0.400210229316	0.405546894995	0.291325060935	0.173851765876	0.411105216622	0.362738022539	0.391734181405	0.315482591746	0.400509304603	0.585935698732	0.130927340492	0.245851332531	0.395342058472	0.429032621345	0.473354146871	0.27160803233	0.649435868385	0.464888944858	0.691412329972	0.659078828054	0.510804321729	0.274729471674	0.329243636968	0.608476252174	0.385609954017	0.312033757818	0.468998410175	0.343026315789	0.317094058921	0.647380421827	0.577951963181	0.683696583813	0.68576092783	0.542714020037	0.692472964263	0.292520586961	0.428864932805	0.609965067108	0.68992248062	0.457780348228
k__Bacteria;p__Bacteroidetes;c__Bacteroidia;o__Bacteroidales;f__SB-1	0.0	0.0	0.0	0.0	0.0	0.0	0.0	0.0	0.0	0.0	0.0	0.0	0.0	0.0	1.37999558401e-05	0.0	0.0	2.76977620208e-05	0.0	0.0	0.0	0.0	0.0	0.0	0.0	0.0	0.0	0.0	0.0	0.0	0.0	0.0	0.0	0.0	0.0	0.0	0.0	0.0	0.0	0.0	0.0	0.0	0.0	0.0	0.0	0.0	0.0	0.0	0.0	0.0	0.0	0.0	0.0	0.0	0.0
k__Bacteria;p__Bacteroidetes;c__Bacteroidia;o__Bacteroidales;f__[Barnesiellaceae]	0.0	0.0	0.0	0.0	0.0	0.0	0.0	0.0	0.0	0.0	0.0	0.0	0.0	0.0	0.0	0.0	0.0	0.0	0.0	0.0	0.0	0.0	0.0	0.0	0.0	0.0	0.0	0.0	0.0	0.0	0.0	0.0	1.57413383286e-05	0.0	0.0	0.0	0.0	0.0	0.0	0.0	0.0	0.0	3.28947368421e-05	0.0	0.0	0.0	0.0	0.0	0.0	0.0	0.0	0.0	0.0	0.0	0.0
k__Bacteria;p__Bacteroidetes;c__Bacteroidia;o__Bacteroidales;f__[Odoribacteraceae]	0.0	2.32531101035e-05	0.0	0.0	0.0	0.0	0.0	0.0	0.0	0.0	0.0	0.0	0.0	0.0	1.37999558401e-05	0.0	0.0	0.0	0.0	0.0	1.3878865264e-05	0.0	0.0	0.0	0.0	0.0	0.0	0.0	0.0	0.0	0.0	2.36038332625e-05	0.0	0.0	0.0	0.0	0.0	0.0	0.0	0.0	0.0	0.0	0.0	0.0	0.0	0.0	0.0	0.0	0.0	0.0	0.0	0.0	0.0	0.0	0.0
k__Bacteria;p__Bacteroidetes;c__Bacteroidia;o__Bacteroidales;f__[Paraprevotellaceae]	0.0	0.0	0.0	0.0	0.0	0.0	0.0	0.0	0.0	0.0	0.0	0.0	0.0	0.0	0.0	0.0	0.0	0.0	0.0	0.0	0.0	0.0	0.0	0.0	0.0	0.0	0.0	0.0	0.0	0.0	3.13273393691e-05	0.0	0.0	0.0	0.0	0.0	0.0	0.0	0.0	0.0	0.0	0.0	0.0	0.0	0.0	0.0	0.0	0.0	0.0	0.0	0.0	0.0	0.0	0.0	0.0
k__Bacteria;p__Bacteroidetes;c__Cytophagia;o__Cytophagales;f__Cytophagaceae	0.0	0.0	0.0	0.0	0.0	0.0	0.0	0.0	0.0	0.0	0.0	0.0	1.80212650928e-05	0.0	0.0	0.0	0.0	0.0	0.0	0.0	0.0	1.43903527075e-05	0.0	0.0	0.0	0.0	2.36055048037e-05	0.0	0.0	0.0	0.0	2.36038332625e-05	0.0	0.0	0.0	0.0	0.0	0.0	1.7047972996e-05	0.0	0.0	0.0	0.0	0.0	0.0	0.0	0.0	0.0	0.0	0.0	0.0	0.0	0.0	0.0	0.0
k__Bacteria;p__Bacteroidetes;c__Flavobacteriia;o__Flavobacteriales;f__Cryomorphaceae	0.0	0.0	0.0	0.0	0.0	0.0	0.0	0.0	0.0	0.0	0.0	0.0	1.80212650928e-05	0.0	0.0	0.0	0.0	0.0	0.0	0.0	0.0	0.0	0.0	0.0	0.0	0.0	0.0	0.0	0.0	0.0	3.13273393691e-05	0.0	0.0	0.0	0.0	0.0	0.0	0.0	0.0	0.0	0.0	0.0	0.0	0.0	0.0	0.0	0.0	0.0	0.0	0.0	0.0	0.0	0.0	0.0	0.0
k__Bacteria;p__Bacteroidetes;c__Flavobacteriia;o__Flavobacteriales;f__Flavobacteriaceae	0.0	0.0	0.0	0.0	0.0	0.0	0.0	0.0	0.0	0.0	1.39287405633e-05	0.0	0.0	0.0	0.0	0.0	0.0	0.0	2.07262477201e-05	0.0	0.0	0.0	0.0	0.0	0.0	0.0	0.0	0.0	1.87694733286e-05	0.0	0.0	0.0	0.0	0.0	0.0	0.0	0.0	0.0	0.0	0.0	0.0	0.0	3.28947368421e-05	0.0	0.0	0.0	0.0	0.0	0.0	0.0	0.0	0.0	0.0	0.0	0.0
k__Bacteria;p__Bacteroidetes;c__Flavobacteriia;o__Flavobacteriales;f__[Weeksellaceae]	5.63237489087e-05	2.32531101035e-05	0.0	0.0	0.0	2.79782888479e-05	0.0	0.0	1.93397412343e-05	3.39391471092e-05	0.0	0.0	0.0	2.01592581393e-05	2.75999116803e-05	0.0	0.0	2.76977620208e-05	0.0	0.0	0.0	0.0	0.0	0.0	2.56180350967e-05	0.0	4.72110096074e-05	2.91485702626e-05	3.75389466572e-05	2.71480928465e-05	6.26546787381e-05	0.0	0.0	0.0	0.0	0.0	0.0	8.3086382142e-05	0.0	0.0	2.5117423957e-05	0.0	0.0	0.0	0.0	0.0	3.06109954696e-05	2.43652843429e-05	0.0	0.0	0.0	0.0	0.0	0.0	0.0
k__Bacteria;p__Bacteroidetes;c__Sphingobacteriia;o__Sphingobacteriales;f__	0.0	0.0	0.0	0.0	0.0	0.0	0.0	0.0	0.0	0.0	0.0	0.0	0.0	0.0	0.0	0.0	0.0	0.0	0.0	0.0	0.0	0.0	0.0	0.0	0.0	0.0	0.0	0.0	0.0	0.0	0.0	4.7207666525e-05	0.0	0.0	0.0	0.0	2.54614894971e-05	0.0	0.0	0.0	0.0	0.0	0.0	0.0	2.59107633311e-05	0.0	0.0	2.43652843429e-05	0.0	0.0	0.0	0.0	0.0	0.0	0.0
k__Bacteria;p__Bacteroidetes;c__Sphingobacteriia;o__Sphingobacteriales;f__Sphingobacteriaceae	0.0	0.0	0.0	0.0	0.0	0.0	0.0	0.0	0.0	1.69695735546e-05	1.39287405633e-05	0.0	1.80212650928e-05	0.0	1.37999558401e-05	0.0	0.0	0.0	0.0	0.0	0.0	0.0	0.0	0.0	0.0	0.0	0.0	0.0	0.0	0.0	3.13273393691e-05	0.0	0.0	2.25575782184e-05	0.0	0.0	0.0	0.0	0.0	0.0	0.0	0.0	3.28947368421e-05	0.0	2.59107633311e-05	0.0	0.0	0.0	0.0	0.0	0.0	0.0	0.0	0.0	0.0
k__Bacteria;p__Bacteroidetes;c__[Saprospirae];o__[Saprospirales];f__	0.0	0.0	0.0	0.0	0.0	0.0	0.0	0.0	0.0	0.0	0.0	0.0	0.0	0.0	0.0	0.0	0.0	2.76977620208e-05	0.0	0.0	0.0	0.0	0.0	0.0	0.0	0.0	0.0	0.0	0.0	0.0	0.0	0.0	0.0	0.0	0.0	0.0	0.0	0.0	0.0	0.0	0.0	0.0	0.0	0.0	0.0	0.0	0.0	0.0	0.0	0.0	0.0	0.0	0.0	0.0	0.0
k__Bacteria;p__Bacteroidetes;c__[Saprospirae];o__[Saprospirales];f__Chitinophagaceae	0.0	0.0	0.0	0.0	0.0	0.0	0.0	0.0	0.0	0.0	0.0	0.0	0.0	0.0	0.0	2.76617520954e-05	0.0	2.76977620208e-05	0.0	0.0	1.3878865264e-05	0.0	0.0	0.0	0.0	0.0	0.0	0.0	0.0	0.0	0.0	0.0	0.0	0.0	0.0	0.0	0.0	0.0	0.0	2.70489586151e-05	0.0	0.0	0.0	0.0	5.18215266622e-05	0.0	0.0	2.43652843429e-05	0.0	0.0	0.0	0.0	3.67714653429e-05	0.0	0.0
k__Bacteria;p__Chlorobi;c__BSV26;o__VC38;f__	0.0	0.0	0.0	0.0	0.0	0.0	0.0	0.0	0.0	0.0	0.0	0.0	0.0	0.0	0.0	0.0	0.0	0.0	0.0	0.0	0.0	0.0	0.0	0.0	0.0	0.0	0.0	0.0	0.0	0.0	0.0	0.0	0.0	0.0	0.0	0.0	0.0	0.0	0.0	0.0	0.0	2.5235319353e-05	0.0	0.0	0.0	0.0	0.0	0.0	0.0	0.0	0.0	0.0	0.0	0.0	0.0
k__Bacteria;p__Chlorobi;c__Ignavibacteria;o__Ignavibacteriales;f__Ignavibacteriaceae	0.0	0.0	0.0	0.0	0.0	0.0	0.0	0.0	0.0	0.0	0.0	0.0	0.0	0.0	0.0	0.0	0.0	0.0	0.0	0.0	0.0	0.0	0.0	0.0	0.0	0.0	0.0	0.0	0.0	0.0	0.0	0.0	0.0	0.0	0.0	0.0	0.0	0.0	0.0	2.70489586151e-05	0.0	0.0	0.0	0.0	0.0	0.0	0.0	0.0	0.0	0.0	0.0	0.0	0.0	2.81888653982e-05	0.0
k__Bacteria;p__Chloroflexi;c__Anaerolineae;o__Anaerolineales;f__Anaerolinaceae	2.81618744544e-05	0.0	0.0	0.0	0.0	0.0	0.0	0.0	0.0	0.0	0.0	0.0	0.0	0.0	0.0	0.0	0.0	0.0	0.0	0.0	0.0	0.0	1.68033337814e-05	0.0	0.0	0.0	0.0	0.0	0.0	2.71480928465e-05	0.0	2.36038332625e-05	0.0	0.0	0.0	0.0	0.0	0.0	0.0	0.0	0.0	0.0	3.28947368421e-05	0.0	0.0	0.0	0.0	0.0	0.0	0.0	0.0	0.0	0.0	0.0	0.0
k__Bacteria;p__Chloroflexi;c__Anaerolineae;o__SHA-20;f__	0.0	0.0	0.0	0.0	0.0	0.0	0.0	0.0	0.0	0.0	0.0	0.0	0.0	0.0	0.0	0.0	0.0	0.0	0.0	0.0	0.0	0.0	0.0	0.0	0.0	0.0	0.0	0.0	0.0	0.0	0.0	0.0	0.0	0.0	0.0	0.0	0.0	0.0	0.0	0.0	0.0	0.0	3.28947368421e-05	0.0	0.0	0.0	0.0	0.0	2.99958005879e-05	0.0	0.0	0.0	0.0	0.0	0.0
k__Bacteria;p__Chloroflexi;c__Anaerolineae;o__WCHB1-50;f__	0.0	0.0	0.0	0.0	0.0	0.0	0.0	3.02069173841e-05	0.0	0.0	0.0	0.0	0.0	0.0	0.0	0.0	0.0	0.0	0.0	0.0	0.0	0.0	0.0	0.0	0.0	0.0	0.0	0.0	0.0	0.0	0.0	0.0	0.0	0.0	0.0	0.0	0.0	0.0	0.0	0.0	0.0	0.0	0.0	0.0	0.0	0.0	0.0	0.0	0.0	0.0	0.0	0.0	0.0	0.0	0.0
k__Bacteria;p__Chloroflexi;c__Anaerolineae;o__envOPS12;f__	0.0	0.0	0.0	0.0	0.0	0.0	0.0	0.0	0.0	0.0	0.0	0.0	0.0	0.0	0.0	2.76617520954e-05	0.0	0.0	0.0	0.0	1.3878865264e-05	0.0	0.0	0.0	0.0	0.0	0.0	0.0	0.0	2.71480928465e-05	0.0	0.0	0.0	0.0	0.0	0.0	0.0	0.0	0.0	0.0	0.0	0.0	0.0	0.0	0.0	0.0	0.0	0.0	0.0	0.0	0.0	0.0	3.67714653429e-05	0.0	0.0
k__Bacteria;p__Cyanobacteria;c__4C0d-2;o__MLE1-12;f__	0.0	0.0	0.0	0.0	0.0	0.0	0.0	0.0	0.0	0.0	0.0	0.0	0.0	0.0	0.0	0.0	0.0	0.0	0.0	0.0	0.0	0.0	0.0	0.0	0.0	0.0	0.0	0.0	0.0	0.0	0.0	0.0	0.0	0.0	0.0	0.0	0.0	0.0	0.0	0.0	0.0	0.0	0.0	0.0	0.0	0.0	0.0	0.0	0.0	0.0	0.0	0.0	0.0	2.81888653982e-05	0.0
k__Bacteria;p__Cyanobacteria;c__Chloroplast;o__;f__	0.0	0.0	0.0	0.0	0.0	0.0	0.0	0.0	0.0	0.0	0.0	0.0	0.0	0.0	0.0	0.0	0.0	0.0	0.0	0.0	0.0	0.0	0.0	0.0	0.0	0.0	0.0	2.91485702626e-05	0.0	0.0	0.0	0.0	0.0	0.0	0.0	0.0	0.0	0.0	0.0	0.0	0.0	0.0	0.0	0.0	0.0	0.0	0.0	0.0	0.0	0.0	0.0	0.0	0.0	0.0	0.0
k__Bacteria;p__Cyanobacteria;c__Chloroplast;o__Cryptophyta;f__	0.0	0.0	0.0	0.0	0.0	0.0	0.0	0.0	0.0	0.0	0.0	0.0	0.0	0.0	0.0	0.0	0.0	0.0	0.0	0.0	0.0	0.0	0.0	0.0	0.0	0.0	0.0	2.91485702626e-05	0.0	0.0	0.0	0.0	0.0	0.0	0.0	0.0	0.0	0.0	0.0	0.0	0.0	0.0	0.0	0.0	0.0	0.0	0.0	0.0	0.0	0.0	0.0	0.0	0.0	0.0	0.0
k__Bacteria;p__Cyanobacteria;c__Chloroplast;o__Haptophyceae;f__	0.0	0.0	0.0	0.0	0.0	0.0	0.0	0.0	0.0	0.0	0.0	0.0	0.0	0.0	0.0	0.0	0.0	0.0	0.0	0.0	0.0	0.0	0.0	0.0	2.56180350967e-05	0.0	0.0	0.0	0.0	0.0	0.0	0.0	0.0	0.0	0.0	0.0	0.0	0.0	0.0	0.0	0.0	2.5235319353e-05	0.0	0.0	0.0	0.0	0.0	0.0	0.0	0.0	0.0	0.0	0.0	0.0	0.0
k__Bacteria;p__Cyanobacteria;c__Chloroplast;o__Stramenopiles;f__	0.0	2.32531101035e-05	0.0	2.23194357647e-05	0.0	0.0	0.0	0.0	0.0	0.0	1.39287405633e-05	0.0	1.80212650928e-05	0.0	2.75999116803e-05	2.76617520954e-05	0.0	0.0	0.0	0.0	0.0	0.0	0.0	0.0	0.0	0.0	0.0	0.0	0.0	0.0	0.0	0.0	0.0	0.0	0.0	0.0	0.0	2.7695460714e-05	0.0	0.0	0.0	0.0	0.0	0.0	0.0	0.0	0.0	0.0	0.0	0.0	0.0	0.0	0.0	0.0	0.0
k__Bacteria;p__Cyanobacteria;c__Chloroplast;o__Streptophyta;f__	0.0	0.0	2.69265980936e-05	2.23194357647e-05	0.0	2.79782888479e-05	2.75649153757e-05	0.0	0.0	5.09087206638e-05	0.0	0.0	1.80212650928e-05	0.0	0.0	0.0	2.32671769934e-05	0.0	0.0	0.0	2.7757730528e-05	2.87807054151e-05	1.68033337814e-05	0.0	0.0	7.38034613823e-05	0.0	0.0	0.0	2.71480928465e-05	0.0	2.36038332625e-05	7.87066916429e-05	0.0	0.0	0.0	0.0	0.0	1.7047972996e-05	2.70489586151e-05	5.0234847914e-05	2.5235319353e-05	3.28947368421e-05	4.89380444357e-05	2.59107633311e-05	0.0	0.0	2.43652843429e-05	2.99958005879e-05	0.0	0.0	0.0	3.67714653429e-05	0.0	0.000121758188238
k__Bacteria;p__Cyanobacteria;c__Synechococcophycideae;o__Synechococcales;f__Synechococcaceae	0.0	0.0	0.0	0.0	0.0	0.0	0.0	0.0	1.93397412343e-05	0.0	0.0	0.0	0.0	0.0	0.0	0.0	0.0	0.0	0.0	0.0	0.0	0.0	0.0	0.0	0.0	0.0	0.0	0.0	0.0	2.71480928465e-05	0.0	0.0	0.0	0.0	0.0	0.0	0.0	0.0	0.0	0.0	0.0	0.0	0.0	0.0	0.0	0.0	0.0	0.0	0.0	0.0	0.0	0.0	0.0	0.0	0.0
k__Bacteria;p__Deferribacteres;c__Deferribacteres;o__Deferribacterales;f__Deferribacteraceae	5.63237489087e-05	2.32531101035e-05	0.0	4.46388715293e-05	0.0	0.0	0.0	3.02069173841e-05	1.93397412343e-05	3.39391471092e-05	2.78574811266e-05	0.0	1.80212650928e-05	2.01592581393e-05	2.75999116803e-05	8.29852562861e-05	4.65343539868e-05	5.53955240417e-05	8.29049908805e-05	1.76834659593e-05	5.55154610559e-05	2.87807054151e-05	3.36066675628e-05	0.0	2.56180350967e-05	7.38034613823e-05	0.0	0.0	1.87694733286e-05	5.4296185693e-05	0.0	2.36038332625e-05	3.14826766572e-05	0.0	3.12685657109e-05	0.0	5.09229789943e-05	0.0	3.4095945992e-05	2.70489586151e-05	2.5117423957e-05	5.04706387059e-05	3.28947368421e-05	2.44690222179e-05	5.18215266622e-05	0.0	3.06109954696e-05	9.74611373715e-05	0.0	4.7745231445e-05	3.09578354281e-05	0.0	0.0	2.81888653982e-05	3.04395470595e-05
k__Bacteria;p__Elusimicrobia;c__Elusimicrobia;o__Elusimicrobiales;f__	0.0	0.0	0.0	0.0	0.0	0.0	0.0	0.0	0.0	0.0	0.0	0.0	0.0	0.0	0.0	0.0	2.32671769934e-05	0.0	0.0	0.0	0.0	0.0	0.0	0.0	0.0	0.0	0.0	0.0	0.0	0.0	0.0	0.0	0.0	0.0	0.0	0.0	0.0	0.0	0.0	0.0	0.0	0.0	0.0	0.0	0.0	0.0	0.0	0.0	0.0	0.0	0.0	0.0	0.0	0.0	0.0
k__Bacteria;p__Elusimicrobia;c__Elusimicrobia;o__FAC88;f__	0.0	0.0	0.0	0.0	0.0	0.0	0.0	0.0	0.0	0.0	0.0	0.0	0.0	0.0	0.0	0.0	0.0	0.0	0.0	0.0	0.0	0.0	1.68033337814e-05	0.0	0.0	0.0	0.0	0.0	0.0	0.0	0.0	0.0	0.0	0.0	0.0	0.0	2.54614894971e-05	0.0	0.0	0.0	0.0	0.0	0.0	0.0	2.59107633311e-05	0.0	0.0	0.0	2.99958005879e-05	0.0	0.0	0.0	0.0	0.0	0.0
k__Bacteria;p__FBP;c__;o__;f__	0.0	0.0	0.0	0.0	0.0	0.0	0.0	0.0	0.0	0.0	0.0	0.0	0.0	0.0	0.0	0.0	0.0	0.0	0.0	0.0	0.0	0.0	0.0	0.0	0.0	0.0	0.0	0.0	0.0	0.0	0.0	0.0	0.0	0.0	0.0	0.0	0.0	0.0	0.0	0.0	2.5117423957e-05	0.0	0.0	0.0	0.0	0.0	0.0	0.0	0.0	0.0	0.0	0.0	0.0	0.0	0.0
k__Bacteria;p__Fibrobacteres;c__Fibrobacteria;o__258ds10;f__	0.0	0.0	2.69265980936e-05	0.0	0.0	0.0	0.0	0.0	0.0	0.0	1.39287405633e-05	0.0	0.0	0.0	0.0	0.0	0.0	0.0	0.0	0.0	0.0	0.0	0.0	0.0	0.0	0.0	0.0	0.0	0.0	2.71480928465e-05	0.0	0.0	0.0	0.0	0.0	0.0	0.0	0.0	0.0	0.0	0.0	0.0	0.0	0.0	0.0	0.0	0.0	0.0	0.0	0.0	0.0	0.0	0.0	0.0	0.0
k__Bacteria;p__Firmicutes;c__Bacilli;o__Bacillales;f__	0.0	0.0	0.0	0.0	0.0	0.0	0.0	0.0	0.0	0.0	0.0	0.0	0.0	0.0	0.0	2.76617520954e-05	2.32671769934e-05	0.0	0.0	0.0	0.0	0.0	0.0	0.0	0.0	3.69017306912e-05	0.0	0.0	0.0	5.4296185693e-05	0.0	0.0	0.0	0.0	0.0	0.0	2.54614894971e-05	0.0	1.7047972996e-05	2.70489586151e-05	0.0	0.0	0.0	0.0	0.0	0.0	0.0	2.43652843429e-05	0.0	0.0	3.09578354281e-05	2.41709368655e-05	0.0	0.0	3.04395470595e-05
k__Bacteria;p__Firmicutes;c__Bacilli;o__Bacillales;f__Alicyclobacillaceae	0.0	0.0	0.0	4.46388715293e-05	0.0	0.0	0.0	0.0	0.0	0.0	1.39287405633e-05	0.0	0.0	0.0	0.0	0.0	0.0	0.0	0.0	0.0	0.0	0.0	0.0	0.0	0.0	0.0	0.0	0.0	0.0	0.0	0.0	0.0	0.0	0.0	0.0	0.0	0.0	0.0	0.0	0.0	0.0	2.5235319353e-05	0.0	0.0	0.0	0.0	0.0	0.0	0.0	0.0	0.0	0.0	0.0	0.0	0.0
k__Bacteria;p__Firmicutes;c__Bacilli;o__Bacillales;f__Bacillaceae	0.0	2.32531101035e-05	2.69265980936e-05	2.23194357647e-05	2.87505031338e-05	2.79782888479e-05	2.75649153757e-05	0.0	0.0	5.09087206638e-05	4.17862216898e-05	0.0	3.60425301856e-05	2.01592581393e-05	1.37999558401e-05	2.76617520954e-05	2.32671769934e-05	0.000166186572125	6.21787431603e-05	5.3050397878e-05	0.000263698440016	4.31710581226e-05	3.36066675628e-05	0.0	2.56180350967e-05	0.000184508653456	0.0	5.82971405253e-05	0.0	0.0	3.13273393691e-05	2.36038332625e-05	0.0001101893683	2.25575782184e-05	0.0	2.7283640729e-05	0.0	2.7695460714e-05	0.0	2.70489586151e-05	0.0	2.5235319353e-05	0.0	0.0	0.0	2.3970468383e-05	0.0	2.43652843429e-05	2.99958005879e-05	4.7745231445e-05	3.09578354281e-05	0.0	0.0	0.0	9.13186411786e-05
k__Bacteria;p__Firmicutes;c__Bacilli;o__Bacillales;f__Paenibacillaceae	0.0	0.0	0.0	0.0	0.0	0.0	0.0	0.0	0.0	0.0	0.0	0.0	0.0	0.0	0.0	0.0	0.0	0.0	0.0	0.0	0.0	2.87807054151e-05	1.68033337814e-05	0.0	0.0	0.0	0.0	0.0	0.0	0.0	0.0	0.0	0.0	0.0	0.0	0.0	0.0	0.0	0.0	0.0	0.0	0.0	0.0	0.0	0.0	0.0	0.0	0.0	0.0	0.0	0.0	0.0	0.0	0.0	0.0
k__Bacteria;p__Firmicutes;c__Bacilli;o__Bacillales;f__Planococcaceae	0.0	6.97593303104e-05	0.0	0.0	0.0	0.0	0.0	0.0	0.0	1.69695735546e-05	0.0	0.0	0.0	0.0	2.75999116803e-05	8.29852562861e-05	0.0	0.0	0.0	0.0	2.7757730528e-05	0.0	0.0	0.0	0.0	0.0	2.36055048037e-05	2.91485702626e-05	0.0	2.71480928465e-05	3.13273393691e-05	2.36038332625e-05	0.0	4.51151564368e-05	0.0	0.0	0.0	2.7695460714e-05	0.0	0.0	2.5117423957e-05	0.0	0.0	0.0	0.0	2.3970468383e-05	0.0	0.0	0.0	0.0	0.0	2.41709368655e-05	0.0	2.81888653982e-05	0.0
k__Bacteria;p__Firmicutes;c__Bacilli;o__Bacillales;f__Staphylococcaceae	0.000337942493452	0.000116265550517	0.00037697237331	2.23194357647e-05	0.00106376861595	0.0	0.000110259661503	0.000422896843377	0.0	0.00044120891242	0.00146251775914	0.000138827187916	0.00329789151198	0.000120955548836	0.00296699050563	0.000193632264668	6.98015309802e-05	0.000803235098604	0.000414524954402	5.3050397878e-05	0.00291456170543	0.0017124519722	0.00394878343863	0.0	0.00015370821058	0.000590427691059	0.0	0.0	1.87694733286e-05	8.14442785394e-05	6.26546787381e-05	0.000259642165888	0.00303807829742	6.76727346552e-05	0.000156342828554	0.000463821892393	0.000942075111394	0.000193868224998	0.000136383783968	0.000243440627536	0.000401878783312	5.04706387059e-05	0.00157894736842	0.00115004404424	0.000414572213297	0.000383527494127	0.000397942941104	0.000219287559086	0.000209970604115	0.000501324930173	0.00142406042969	0.000725128105965	7.35429306858e-05	2.81888653982e-05	0.000121758188238
k__Bacteria;p__Firmicutes;c__Bacilli;o__Bacillales;f__Thermoactinomycetaceae	0.0	0.0	0.0	2.23194357647e-05	0.0	0.0	2.75649153757e-05	0.0	0.0	0.0	0.0	0.0	0.0	0.0	0.0	0.0	0.0	0.0	2.07262477201e-05	0.0	0.0	0.0	0.0	0.0	0.0	0.0	0.0	2.91485702626e-05	0.0	0.0	0.0	0.0	0.0	0.0	0.0	0.0	0.0	0.0	0.0	0.0	0.0	0.0	0.0	0.0	0.0	0.0	0.0	0.0	0.0	0.0	0.0	0.0	0.0	0.0	0.0
k__Bacteria;p__Firmicutes;c__Bacilli;o__Bacillales;f__[Exiguobacteraceae]	0.0	0.0	0.0	0.0	0.0	0.0	0.0	0.0	0.0	0.0	0.0	0.0	0.0	0.0	0.0	0.0	0.0	0.0	0.0	0.0	1.3878865264e-05	1.43903527075e-05	0.0	0.0	0.0	0.0	0.0	0.0	0.0	0.0	0.0	0.0	0.0	0.0	0.0	0.0	0.0	0.0	0.0	0.0	0.0	0.0	0.0	2.44690222179e-05	0.0	0.0	0.0	0.0	0.0	0.0	0.0	0.0	0.0	0.0	0.0
k__Bacteria;p__Firmicutes;c__Bacilli;o__Gemellales;f__Gemellaceae	2.81618744544e-05	0.0	0.0	0.0	0.0	0.0	0.0	0.0	0.0	1.69695735546e-05	0.0	0.0	0.0	0.0	0.0	2.76617520954e-05	0.0	0.0	0.0	0.0	0.0	1.43903527075e-05	0.0	0.0	0.0	0.0	0.0	0.0	0.0	0.0	0.0	0.0	0.0	0.0	0.0	2.7283640729e-05	0.0	0.0	0.0	0.0	0.0	0.0	0.0	0.0	2.59107633311e-05	0.0	0.0	0.0	0.0	0.0	3.09578354281e-05	0.0	0.0	0.0	0.0
k__Bacteria;p__Firmicutes;c__Bacilli;o__Lactobacillales;f__	2.81618744544e-05	0.0	2.69265980936e-05	0.0	0.0	2.79782888479e-05	0.0	0.0	0.0	1.69695735546e-05	0.0	0.0	0.0	2.01592581393e-05	0.0	0.0	0.0	0.0	0.0	1.76834659593e-05	2.7757730528e-05	1.43903527075e-05	0.0	0.0	2.56180350967e-05	0.0	0.0	0.0	0.0	2.71480928465e-05	0.0	0.0	0.0	0.0	0.0	0.0	0.0	0.0	0.0	0.0	0.0	0.0	0.0	0.0	2.59107633311e-05	0.0	0.0	0.0	0.0	0.0	0.0	0.0	0.0	5.63777307963e-05	0.0
k__Bacteria;p__Firmicutes;c__Bacilli;o__Lactobacillales;f__Aerococcaceae	0.0	0.0	0.0	0.0	2.87505031338e-05	0.0	0.0	0.0	0.0	1.69695735546e-05	0.0	0.0	1.80212650928e-05	0.0	1.37999558401e-05	0.0	0.0	0.0	0.0	0.0	1.3878865264e-05	0.0	0.0	0.0	0.0	0.0	0.0	0.0	1.87694733286e-05	0.0	0.0	0.0	3.14826766572e-05	0.0	0.0	2.7283640729e-05	0.0	0.0	0.0	0.0	0.0	0.0	0.0	0.0	0.0	0.0	0.0	0.0	0.0	0.0	0.0	0.0	0.0	0.0	0.0
k__Bacteria;p__Firmicutes;c__Bacilli;o__Lactobacillales;f__Carnobacteriaceae	0.0	0.0	0.0	0.0	0.0	0.0	0.0	0.0	0.0	0.0	0.0	0.0	0.0	0.0	0.0	0.0	0.0	0.0	0.0	0.0	0.0	0.0	0.0	0.0	0.0	0.0	0.0	0.0	0.0	0.0	0.0	0.0	1.57413383286e-05	0.0	0.0	0.0	2.54614894971e-05	0.0	0.0	0.0	0.0	0.0	0.0	0.0	0.0	0.0	0.0	0.0	0.0	0.0	0.0	0.0	0.0	2.81888653982e-05	0.0
k__Bacteria;p__Firmicutes;c__Bacilli;o__Lactobacillales;f__Enterococcaceae	0.000112647497817	2.32531101035e-05	2.69265980936e-05	2.23194357647e-05	0.0	8.39348665436e-05	0.0	3.02069173841e-05	5.80192237028e-05	5.09087206638e-05	6.96437028164e-05	5.55308751666e-05	3.60425301856e-05	0.000120955548836	0.000110399646721	5.53235041908e-05	2.32671769934e-05	0.000110791048083	2.07262477201e-05	0.0	0.000249819574752	7.19517635377e-05	0.000184836671596	3.91772771792e-05	5.12360701934e-05	0.0	0.0	0.0	1.87694733286e-05	0.0	0.0	0.0	3.14826766572e-05	0.0	3.12685657109e-05	0.0	0.000101845957989	0.0	0.0	2.70489586151e-05	0.0	0.000126176596765	3.28947368421e-05	4.89380444357e-05	0.0	0.0	0.0	0.0	0.0	0.0	6.19156708563e-05	0.0	3.67714653429e-05	2.81888653982e-05	6.08790941191e-05
k__Bacteria;p__Firmicutes;c__Bacilli;o__Lactobacillales;f__Lactobacillaceae	0.0274015038441	0.0115102895012	0.0717593839194	0.0351754307651	0.055862227589	0.0621397795311	0.0160152158333	0.0511101042139	0.002146711277	0.0195319791614	0.0220770537928	0.0213793869391	0.00544242205803	0.0420320532204	0.00578218149702	0.0879920334154	0.00802717606273	0.0231553290494	0.00109849112917	0.0556145004421	0.0210264808749	0.0161315853852	0.00129385670117	0.000901077375122	0.0628666581273	0.00394848518396	0.00101503670656	0.0423528725916	0.0404106760764	0.0147957106013	0.023088249115	0.0118963319643	0.00689470618792	0.0240463783808	0.0324255026422	0.060405980574	0.0629917250159	0.0794305813277	0.0158887108323	0.023965377333	0.00113028407806	0.0438085143967	0.0499013157895	0.0202358813742	0.0141990983054	0.0641929143295	0.00872413370883	0.0523853613372	0.0381846541484	0.00713791210103	0.0568695436815	0.00725128105965	0.0618128332414	0.0230303030303	0.0775904054548
k__Bacteria;p__Firmicutes;c__Bacilli;o__Lactobacillales;f__Leuconostocaceae	2.81618744544e-05	0.0	2.69265980936e-05	4.46388715293e-05	0.0	0.0	5.51298307514e-05	0.0	1.93397412343e-05	0.0	2.78574811266e-05	2.77654375833e-05	3.60425301856e-05	6.04777744179e-05	2.75999116803e-05	2.76617520954e-05	0.0	0.0	0.0	3.53669319187e-05	2.7757730528e-05	2.87807054151e-05	1.68033337814e-05	3.91772771792e-05	2.56180350967e-05	7.38034613823e-05	0.0	0.0	1.87694733286e-05	2.71480928465e-05	0.0	0.0	1.57413383286e-05	2.25575782184e-05	0.0	0.0	2.54614894971e-05	2.7695460714e-05	0.0	0.0	0.0	7.57059580589e-05	0.0	0.0	2.59107633311e-05	2.3970468383e-05	0.0	0.0	0.0	2.38726157225e-05	0.0	7.25128105965e-05	0.0	0.0	3.04395470595e-05
k__Bacteria;p__Firmicutes;c__Bacilli;o__Lactobacillales;f__Streptococcaceae	0.0	0.0	0.0	0.0	0.0	0.0	5.51298307514e-05	3.02069173841e-05	5.80192237028e-05	0.0	1.39287405633e-05	5.55308751666e-05	1.80212650928e-05	0.0	6.89997792007e-05	0.0	4.65343539868e-05	5.53955240417e-05	2.07262477201e-05	1.76834659593e-05	0.0	0.0	0.0	3.91772771792e-05	0.0	0.0	0.0	2.91485702626e-05	0.0	2.71480928465e-05	3.13273393691e-05	2.36038332625e-05	0.0	2.25575782184e-05	3.12685657109e-05	2.7283640729e-05	0.0	8.3086382142e-05	5.1143918988e-05	0.0	2.5117423957e-05	0.0	3.28947368421e-05	2.44690222179e-05	0.000103643053324	2.3970468383e-05	0.0	7.30958530286e-05	0.0	2.38726157225e-05	0.0	0.0	0.0	0.0	6.08790941191e-05
k__Bacteria;p__Firmicutes;c__Bacilli;o__Turicibacterales;f__Turicibacteraceae	0.0	4.6506220207e-05	0.0314233399752	4.46388715293e-05	2.87505031338e-05	5.59565776957e-05	0.0169799878714	0.00540703821175	7.7358964937e-05	6.78782942185e-05	0.00423433713124	0.00588627276766	0.000234276446207	2.01592581393e-05	0.000262199160963	0.024646621117	0.0	0.0457013073344	2.07262477201e-05	3.53669319187e-05	0.0783600732804	0.000690736929962	5.04100013443e-05	0.0	2.56180350967e-05	3.69017306912e-05	7.08165144112e-05	0.0178972221413	7.50778933143e-05	0.033772227501	3.13273393691e-05	0.000590095831563	0.00262880350087	0.0	0.0165723398268	2.7283640729e-05	0.000127307447486	0.000166172764284	0.00635889392751	2.70489586151e-05	5.0234847914e-05	2.5235319353e-05	6.57894736842e-05	2.44690222179e-05	0.00528579571954	0.0	0.00355087547447	7.30958530286e-05	0.0270262163297	4.7745231445e-05	6.19156708563e-05	4.8341873731e-05	3.67714653429e-05	0.0138125440451	0.0095580177767
k__Bacteria;p__Firmicutes;c__Clostridia;o__Clostridiales;f__	0.490776986116	0.127241018486	0.31595670203	0.404941523078	0.313811741705	0.372698785742	0.123325431391	0.0899561999698	0.49811437523	0.132803882638	0.378764242137	0.14165926255	0.326851684988	0.195242415079	0.325182159417	0.185665680064	0.326438493218	0.368546421449	0.314437904162	0.263536693192	0.312316105035	0.30454303435	0.34135972577	0.316434867777	0.171359036762	0.535333407137	0.325732360787	0.245460110182	0.351702391231	0.235564001629	0.451708906363	0.150191191049	0.263179435516	0.130224899055	0.137925643351	0.287105751391	0.396562698918	0.298113939125	0.153056701558	0.292994319719	0.373847738176	0.283644989527	0.347796052632	0.276132915729	0.113126392704	0.188959202263	0.148861270969	0.0860825495834	0.151718759374	0.0661032729356	0.44935298124	0.208957749202	0.201985659129	0.0850458069063	0.218495068793
k__Bacteria;p__Firmicutes;c__Clostridia;o__Clostridiales;f__Clostridiaceae	0.000253456870089	0.00339495407511	0.0016963756799	0.0161146326221	0.00209878672877	8.39348665436e-05	0.00038590881526	0.00214469113427	0.000309435859748	6.78782942185e-05	0.000738223249854	0.001665926255	0.000630744278248	0.000161274065114	0.000386398763524	0.00160438162153	0.00137276344261	0.00487480611567	0.000145083734041	0.000335985853227	0.000291456170543	0.000546833402887	0.000890576690415	0.000744368266405	0.000614832842321	7.38034613823e-05	0.000967825696953	0.00714139971434	0.0006569315665	0.00320347495588	0.000783183484227	0.00290327149129	0.000377792119886	0.000157903047529	0.0128826490729	0.000463821892393	0.000280076384468	8.3086382142e-05	0.000409151351904	0.000270489586151	0.00025117423957	0.000328059151589	0.00203947368421	0.00249584026622	0.00176193190651	0.000575291241191	0.000918329864087	0.0005116709712	0.000449937008819	0.000620688008785	9.28735062844e-05	0.00454413613072	0.00444934730649	0.000761099365751	0.00197857055887
k__Bacteria;p__Firmicutes;c__Clostridia;o__Clostridiales;f__Dehalobacteriaceae	0.00152074122054	0.00123241483548	0.000780871344714	0.00187483260423	0.00143752515669	0.00249006770746	0.000799382545896	0.000362483008609	0.00175991645232	0.0014593833257	0.00072429450929	0.00186028431808	0.000630744278248	0.00137082955347	0.00139379553985	0.000248955768858	0.00188464133647	0.00227121648571	0.00186536229481	0.00122015915119	0.00144340198745	0.00168367126678	0.00171394004571	0.000783545543585	0.00169079031638	0.000701132883132	0.00280905507164	0.00154487422392	0.0009197041931	0.00222614361341	0.00162902164719	0.000613699664826	0.00127504840462	0.00056393945546	0.00112566836559	0.0010367783477	0.00127307447486	0.00149555487856	0.000613727027856	0.000757370841223	0.000954462110366	0.000958942135413	0.00138157894737	0.000415973377704	0.000388661449966	0.000791025456637	0.000581608913922	0.0010233419424	0.000899874017638	0.000596815393063	0.00130022908798	0.0013294015276	0.000588343445486	0.000394644115574	0.000334835017655
k__Bacteria;p__Firmicutes;c__Clostridia;o__Clostridiales;f__Lachnospiraceae	0.0450308372525	0.135867922335	0.0543378749529	0.128292116775	0.0516646541314	0.0600134295786	0.0326644247202	0.0181241504304	0.0737617730675	0.0556092925385	0.0602000167145	0.0298756108396	0.0426383132096	0.0971273057151	0.0615202031353	0.0365135127659	0.104516159054	0.0781076888987	0.0490175758581	0.070875331565	0.0581940820519	0.0743117813818	0.054963704799	0.0744760039177	0.0711669014987	0.0532122956567	0.0423954866275	0.113358789751	0.0562896505124	0.0523686711009	0.0380940446728	0.0455081905301	0.0466888094826	0.0545893392885	0.05300021888	0.0540216086435	0.0474347549332	0.113191347938	0.051399638583	0.0820665404382	0.0487026850526	0.0996038054862	0.0506578947368	0.0559606538123	0.0222573457014	0.0832254662256	0.0348353128444	0.0444422786414	0.0249565060891	0.0366205925183	0.042226487524	0.0476409165619	0.039897039897	0.0192529950669	0.0216425179593
k__Bacteria;p__Firmicutes;c__Clostridia;o__Clostridiales;f__Peptococcaceae	0.00171787434172	0.000139518660621	0.000969357531369	0.000602624765646	0.000747513081479	0.00123104470931	0.0	9.06207521522e-05	0.00125708318023	0.000492117633084	0.000835724433797	0.000333185251	0.000468552892413	0.000161274065114	0.000841797306249	0.0	0.000186137415947	0.00235430977177	0.000642513679323	0.000318302387268	0.000888247376894	0.00175562303032	0.00114262669714	0.000117531831538	0.000819777123095	0.00107015019004	0.000283266057645	8.74457107879e-05	0.000187694733286	5.4296185693e-05	0.0013157482535	0.0	0.000834290931415	0.00013534546931	9.38056971327e-05	0.000736658299684	0.00122215149586	0.00041543191071	8.52398649801e-05	0.000622126048147	0.000552583327054	0.000555177025765	0.000723684210526	4.89380444357e-05	0.000103643053324	0.00040749796251	0.000122443981878	0.000316748696457	0.0	2.38726157225e-05	0.000557241037707	0.000169196558059	0.000588343445486	5.63777307963e-05	3.04395470595e-05
k__Bacteria;p__Firmicutes;c__Clostridia;o__Clostridiales;f__Peptostreptococcaceae	0.0	0.0	0.00196564166083	0.0	0.0	0.0	0.000551298307514	0.000996828273675	0.0	0.0	0.000445719698025	0.0014993336295	0.000306361506578	0.0	5.51998233606e-05	0.000912837819147	0.0	0.00418236206515	2.07262477201e-05	0.0	0.000152667517904	0.0	0.0	0.0	0.0	0.0	0.0	0.00206954848865	0.0	0.00355640016289	0.0	0.00375300948874	0.0003305681049	2.25575782184e-05	0.00772333573059	0.0	0.0	0.0	0.00025571959494	0.0	0.0	0.0	0.0	2.44690222179e-05	0.000699590609939	0.0	0.000367331945635	0.0	0.000839882416462	0.0	0.0	2.41709368655e-05	0.0	0.000902043692741	0.00124802142944
k__Bacteria;p__Firmicutes;c__Clostridia;o__Clostridiales;f__Ruminococcaceae	0.0482976146892	0.04494826183	0.0459906295439	0.0646147665387	0.031366798919	0.0701135918527	0.0202602128011	0.0116296631929	0.0369195660162	0.0427802949312	0.0479427250188	0.0331519324745	0.0298612362588	0.0221751839532	0.0472786487083	0.00619623246936	0.049303148049	0.0737591402615	0.0863040955065	0.0670557029178	0.0489230000555	0.0672317278496	0.0641719317113	0.063388834476	0.0212885871654	0.0412561349127	0.0378160186956	0.04550091818	0.0158038965427	0.0552463689426	0.0522540020676	0.0190955011094	0.0533473955956	0.0160384381133	0.0220130702605	0.0229728254938	0.0270655633355	0.0319605616639	0.0188209621876	0.0289423857181	0.0452364805466	0.02652232064	0.0281578947368	0.0381961436821	0.0164274239519	0.0240663502565	0.0210603648831	0.017128794893	0.0149079128922	0.0147055312851	0.0418549934989	0.0234458087595	0.0192682478397	0.00938689217759	0.0126628515768
k__Bacteria;p__Firmicutes;c__Clostridia;o__Clostridiales;f__Veillonellaceae	0.0	6.97593303104e-05	5.38531961872e-05	2.23194357647e-05	0.0	0.0	0.000110259661503	0.00015103458692	1.93397412343e-05	3.39391471092e-05	1.39287405633e-05	0.0	9.0106325464e-05	2.01592581393e-05	4.13998675204e-05	5.53235041908e-05	9.30687079737e-05	8.30932860625e-05	0.0	5.3050397878e-05	1.3878865264e-05	1.43903527075e-05	5.04100013443e-05	0.0	0.000102472140387	3.69017306912e-05	0.0	0.0	0.0	0.0	3.13273393691e-05	0.0	3.14826766572e-05	2.25575782184e-05	3.12685657109e-05	0.0	2.54614894971e-05	2.7695460714e-05	1.7047972996e-05	0.0	2.5117423957e-05	5.04706387059e-05	3.28947368421e-05	2.44690222179e-05	0.0	0.0	0.0	9.74611373715e-05	8.99874017638e-05	2.38726157225e-05	0.0	0.0	3.67714653429e-05	5.63777307963e-05	3.04395470595e-05
k__Bacteria;p__Firmicutes;c__Clostridia;o__Clostridiales;f__[Mogibacteriaceae]	0.00309780618998	0.00118590861528	0.00188486186655	0.00361574859388	0.0042550744638	0.00260198086285	0.000826947461271	0.00126869053013	0.00177925619355	0.00203634882655	0.00213109730618	0.00219346956908	0.00169399891872	0.00135067029533	0.00184919408258	0.00224060191973	0.00374601549594	0.00204963438954	0.00140938484497	0.000972590627763	0.00181813134958	0.00237440819674	0.00198279338621	0.00129285014691	0.00381708722941	0.00184508653456	0.00132190826901	0.00139913137261	0.00245880100604	0.00236188407764	0.00197362238025	0.00179389132795	0.0014324617879	0.000924860706955	0.00209499390263	0.00220997489905	0.00239338001273	0.00412662364638	0.00150022162365	0.00194752502029	0.00175821967699	0.002145002145	0.00243421052632	0.00494274248801	0.0015028242732	0.00227719449638	0.0010101628505	0.00146191706057	0.00113984042234	0.00066843324023	0.00232183765711	0.00256211930774	0.00143408714837	0.000845665961945	0.00146109825886
k__Bacteria;p__Firmicutes;c__Clostridia;o__Clostridiales;f__[Tissierellaceae]	0.0	0.0	5.38531961872e-05	0.0	0.0	0.0	0.0	0.0	1.93397412343e-05	0.0	0.0	2.77654375833e-05	0.0	0.0	0.0	0.0	0.0	0.0	0.0	0.0	1.3878865264e-05	0.0	0.0	0.0	0.0	0.0	0.0	2.91485702626e-05	1.87694733286e-05	0.0	0.0	0.0	1.57413383286e-05	0.0	3.12685657109e-05	0.0	2.54614894971e-05	0.0	0.0	0.0	0.0	0.0	0.0	4.89380444357e-05	2.59107633311e-05	2.3970468383e-05	0.0	0.0	8.99874017638e-05	0.0	0.0	0.0	0.0	0.0	0.0
k__Bacteria;p__Firmicutes;c__Erysipelotrichi;o__Erysipelotrichales;f__Erysipelotrichaceae	0.00315412993889	0.00497616556214	0.0126824277021	0.00292384608517	0.00290380081651	0.00131497957585	0.0632890457026	0.180033227609	0.000502833272091	0.0239780074327	0.00846867426247	0.0445357618836	0.0040007208506	0.00165305916742	0.00738297637448	0.089043179995	0.00349007654901	0.00462552625748	0.00196899353341	0.00383731211317	0.000985399433742	0.00700810176857	0.00105861002823	0.00109696376102	0.0062508005636	0.00313664710875	0.000873403677738	0.0817034424461	0.00172679154623	0.0245418759332	0.00322671595501	0.0770429117689	0.00922442426055	0.00133089711489	0.00691035302211	0.00504747353487	0.0035900700191	0.00373888719639	0.0416481980293	0.0104408980254	0.0019842764926	0.00282635576753	0.00282894736842	0.00315650386611	0.115251075297	0.00800613643991	0.043804334517	0.00258272014034	0.045713600096	0.129628303373	0.00182651229026	0.00207870057043	0.00452289023718	0.0427343199436	0.05010349446
k__Bacteria;p__Fusobacteria;c__Fusobacteriia;o__Fusobacteriales;f__Fusobacteriaceae	0.0	0.0	0.0	0.0	0.0	0.0	0.0	0.0	0.0	0.0	0.0	0.0	0.0	0.0	0.0	0.0	0.0	0.0	0.0	0.0	0.0	0.0	1.68033337814e-05	0.0	0.0	0.0	0.0	0.0	0.0	0.0	0.0	0.0	0.0	0.0	0.0	0.0	0.0	0.0	0.0	0.0	0.0	0.0	0.0	0.0	0.0	0.0	0.0	0.0	0.0	0.0	0.0	0.0	0.0	0.0	0.0
k__Bacteria;p__Gemmatimonadetes;c__Gemm-3;o__;f__	0.0	0.0	0.0	0.0	0.0	0.0	0.0	0.0	0.0	0.0	0.0	0.0	0.0	0.0	0.0	0.0	0.0	0.0	0.0	0.0	0.0	0.0	0.0	0.0	0.0	0.0	0.0	0.0	0.0	0.0	0.0	2.36038332625e-05	0.0	0.0	0.0	0.0	0.0	0.0	0.0	0.0	0.0	0.0	0.0	0.0	0.0	0.0	0.0	0.0	0.0	0.0	0.0	2.41709368655e-05	0.0	0.0	0.0
k__Bacteria;p__Gemmatimonadetes;c__Gemmatimonadetes;o__KD8-87;f__	0.0	0.0	0.0	0.0	0.0	0.0	0.0	0.0	0.0	0.0	0.0	0.0	0.0	0.0	0.0	0.0	0.0	0.0	0.0	0.0	0.0	0.0	0.0	0.0	0.0	0.0	0.0	0.0	0.0	0.0	0.0	0.0	0.0	0.0	0.0	0.0	0.0	0.0	0.0	0.0	0.0	0.0	0.0	0.0	0.0	0.0	0.0	0.0	0.0	2.38726157225e-05	0.0	0.0	0.0	0.0	0.0
k__Bacteria;p__OD1;c__SM2F11;o__;f__	0.0	0.0	0.0	0.0	0.0	0.0	0.0	0.0	0.0	1.69695735546e-05	0.0	0.0	0.0	0.0	0.0	0.0	0.0	0.0	0.0	0.0	0.0	0.0	0.0	0.0	0.0	0.0	0.0	0.0	0.0	0.0	0.0	0.0	0.0	0.0	0.0	0.0	0.0	0.0	0.0	0.0	0.0	0.0	0.0	0.0	2.59107633311e-05	0.0	0.0	0.0	0.0	0.0	0.0	0.0	0.0	0.0	0.0
k__Bacteria;p__OP3;c__PBS-25;o__;f__	0.0	0.0	0.0	0.0	0.0	0.0	0.0	0.0	0.0	0.0	0.0	0.0	0.0	0.0	0.0	0.0	0.0	0.0	0.0	0.0	0.0	1.43903527075e-05	0.0	0.0	0.0	0.0	0.0	0.0	0.0	0.0	0.0	0.0	0.0	0.0	0.0	0.0	0.0	0.0	0.0	0.0	0.0	0.0	0.0	0.0	0.0	0.0	0.0	0.0	0.0	0.0	0.0	2.41709368655e-05	0.0	0.0	0.0
k__Bacteria;p__OP3;c__koll11;o__;f__	0.0	0.0	0.0	0.0	0.0	0.0	0.0	0.0	0.0	0.0	1.39287405633e-05	0.0	0.0	0.0	0.0	0.0	0.0	0.0	0.0	0.0	0.0	0.0	0.0	0.0	0.0	0.0	0.0	0.0	0.0	0.0	0.0	0.0	0.0	0.0	0.0	0.0	0.0	0.0	0.0	0.0	0.0	0.0	0.0	0.0	0.0	0.0	0.0	0.0	0.0	0.0	0.0	0.0	0.0	0.0	3.04395470595e-05
k__Bacteria;p__Planctomycetes;c__Planctomycetia;o__Gemmatales;f__Gemmataceae	0.0	0.0	0.0	0.0	0.0	0.0	0.0	0.0	0.0	0.0	0.0	0.0	0.0	2.01592581393e-05	0.0	0.0	0.0	0.0	0.0	0.0	0.0	0.0	0.0	0.0	0.0	0.0	0.0	0.0	0.0	2.71480928465e-05	0.0	0.0	0.0	0.0	0.0	0.0	0.0	0.0	0.0	0.0	0.0	0.0	0.0	0.0	0.0	0.0	3.06109954696e-05	0.0	0.0	0.0	0.0	0.0	0.0	0.0	0.0
k__Bacteria;p__Planctomycetes;c__Planctomycetia;o__Pirellulales;f__Pirellulaceae	2.81618744544e-05	0.0	0.0	2.23194357647e-05	0.0	2.79782888479e-05	0.0	0.0	0.0	0.0	0.0	0.0	0.0	0.0	0.0	0.0	0.0	0.0	0.0	0.0	0.0	1.43903527075e-05	0.0	0.0	0.0	0.0	0.0	0.0	0.0	0.0	0.0	0.0	0.0	0.0	0.0	0.0	0.0	0.0	0.0	0.0	0.0	0.0	0.0	0.0	0.0	0.0	0.0	0.0	0.0	0.0	0.0	0.0	0.0	0.0	0.0
k__Bacteria;p__Proteobacteria;c__Alphaproteobacteria;o__;f__	0.0	0.0	0.0	0.0	0.0	0.0	0.0	0.0	0.0	0.0	0.0	0.0	0.0	0.0	0.0	0.0	0.0	2.76977620208e-05	0.0	0.0	0.0	1.43903527075e-05	0.0	0.0	0.0	0.0	0.0	0.0	1.87694733286e-05	5.4296185693e-05	0.0	0.0	1.57413383286e-05	0.0	0.0	0.0	0.0	0.0	0.0	0.0	2.5117423957e-05	0.0	0.0	0.0	2.59107633311e-05	0.0	0.0	0.0	0.0	0.0	0.0	9.66837474621e-05	0.0	0.0	0.0
k__Bacteria;p__Proteobacteria;c__Alphaproteobacteria;o__Caulobacterales;f__Caulobacteraceae	0.0	0.0	0.0	2.23194357647e-05	2.87505031338e-05	8.39348665436e-05	0.0	0.0	0.0	1.69695735546e-05	2.78574811266e-05	0.0	0.0	0.0	0.0	0.0	0.0	0.0	2.07262477201e-05	0.0	0.0	1.43903527075e-05	0.0	0.0	0.0	0.0	2.36055048037e-05	0.0	1.87694733286e-05	0.0	0.0	0.0	4.72240149858e-05	0.0	0.0	0.0	0.0	0.0	0.0	0.0	2.5117423957e-05	0.0	0.0	2.44690222179e-05	0.0	0.0	0.0	0.0	0.0	0.0	0.0	0.0	0.0	0.0	0.0
k__Bacteria;p__Proteobacteria;c__Alphaproteobacteria;o__Rhizobiales;f__Bartonellaceae	0.0	2.32531101035e-05	2.69265980936e-05	2.23194357647e-05	5.75010062676e-05	2.79782888479e-05	2.75649153757e-05	6.04138347682e-05	0.0	8.48478677731e-05	5.57149622531e-05	8.32963127499e-05	5.40637952784e-05	4.03185162786e-05	8.27997350408e-05	8.29852562861e-05	6.98015309802e-05	2.76977620208e-05	2.07262477201e-05	7.07338638373e-05	4.16365957919e-05	4.31710581226e-05	0.00011762333647	0.0	0.000128090175484	0.000110705192074	4.72110096074e-05	5.82971405253e-05	5.63084199857e-05	0.000298629021311	6.26546787381e-05	9.44153330501e-05	0.000141672044957	0.000112787891092	3.12685657109e-05	0.0	0.000101845957989	5.5390921428e-05	8.52398649801e-05	0.00010819583446	5.0234847914e-05	0.000100941277412	0.0	2.44690222179e-05	7.77322899933e-05	7.19114051489e-05	0.000122443981878	7.30958530286e-05	8.99874017638e-05	7.16178471675e-05	3.09578354281e-05	2.41709368655e-05	0.0	5.63777307963e-05	0.000121758188238
k__Bacteria;p__Proteobacteria;c__Alphaproteobacteria;o__Rhizobiales;f__Bradyrhizobiaceae	0.0	2.32531101035e-05	0.0	0.0	0.0	2.79782888479e-05	0.0	0.0	1.93397412343e-05	1.69695735546e-05	0.0	0.0	0.0	0.0	0.0	0.0	0.0	0.0	0.0	0.0	1.3878865264e-05	1.43903527075e-05	0.0	0.0	0.0	0.0	0.0	0.0	0.0	0.0	3.13273393691e-05	0.0	1.57413383286e-05	0.0	0.0	0.0	0.0	0.0	0.0	0.0	0.0	0.0	0.0	0.0	0.0	0.0	0.0	0.0	0.0	0.0	0.0	0.0	0.0	5.63777307963e-05	0.0
k__Bacteria;p__Proteobacteria;c__Alphaproteobacteria;o__Rhizobiales;f__Hyphomicrobiaceae	0.0	0.0	0.0	0.0	0.0	0.0	0.0	3.02069173841e-05	0.0	0.0	0.0	0.0	0.0	0.0	1.37999558401e-05	0.0	0.0	0.0	0.0	0.0	0.0	0.0	0.0	0.0	0.0	0.0	0.0	0.0	0.0	0.0	0.0	0.0	0.0	0.0	0.0	0.0	0.0	0.0	0.0	0.0	0.0	2.5235319353e-05	0.0	0.0	2.59107633311e-05	0.0	0.0	0.0	0.0	0.0	0.0	0.0	0.0	2.81888653982e-05	0.0
k__Bacteria;p__Proteobacteria;c__Alphaproteobacteria;o__Rhizobiales;f__Methylobacteriaceae	2.81618744544e-05	4.6506220207e-05	0.0	0.0	0.0	0.0	2.75649153757e-05	0.0	0.0	0.0	1.39287405633e-05	0.0	0.0	2.01592581393e-05	1.37999558401e-05	0.0	0.0	0.0	0.0	0.0	0.0	1.43903527075e-05	0.0	0.0	0.0	0.0	0.0	0.0	0.0	2.71480928465e-05	0.0	0.0	1.57413383286e-05	2.25575782184e-05	0.0	0.0	0.0	0.0	3.4095945992e-05	2.70489586151e-05	0.0	0.0	0.0	0.0	0.0	0.0	0.0	0.0	0.0	2.38726157225e-05	0.0	0.0	0.0	0.0	3.04395470595e-05
k__Bacteria;p__Proteobacteria;c__Alphaproteobacteria;o__Rhizobiales;f__Methylocystaceae	0.0	0.0	0.0	2.23194357647e-05	0.0	0.0	2.75649153757e-05	3.02069173841e-05	0.0	1.69695735546e-05	0.0	2.77654375833e-05	0.0	0.0	1.37999558401e-05	0.0	0.0	0.0	2.07262477201e-05	0.0	0.0	0.0	0.0	0.0	2.56180350967e-05	0.0	0.0	0.0	0.0	0.0	0.0	0.0	0.0	0.0	0.0	0.0	0.0	0.0	0.0	0.0	0.0	0.0	0.0	0.0	0.0	0.0	3.06109954696e-05	0.0	0.0	0.0	0.0	0.0	0.0	0.0	0.0
k__Bacteria;p__Proteobacteria;c__Alphaproteobacteria;o__Rhizobiales;f__Phyllobacteriaceae	0.0	0.0	0.0	2.23194357647e-05	0.0	0.0	0.0	0.0	0.0	1.69695735546e-05	0.0	0.0	0.0	0.0	0.0	0.0	0.0	0.0	0.0	0.0	0.0	0.0	0.0	0.0	0.0	0.0	0.0	0.0	0.0	0.0	0.0	0.0	0.0	4.51151564368e-05	0.0	0.0	0.0	0.0	0.0	0.0	0.0	0.0	0.0	0.0	0.0	0.0	0.0	0.0	0.0	0.0	0.0	0.0	0.0	0.0	0.0
k__Bacteria;p__Proteobacteria;c__Alphaproteobacteria;o__Rhizobiales;f__Rhizobiaceae	0.0	0.0	0.0	0.0	0.0	2.79782888479e-05	0.0	0.0	0.0	1.69695735546e-05	1.39287405633e-05	0.0	0.0	0.0	0.0	0.0	0.0	0.0	0.0	0.0	0.0	0.0	1.68033337814e-05	0.0	0.0	0.0	0.0	0.0	1.87694733286e-05	2.71480928465e-05	0.0	0.0	0.0	0.0	0.0	0.0	0.0	0.0	0.0	2.70489586151e-05	0.0	2.5235319353e-05	0.0	0.0	0.0	0.0	0.0	0.0	2.99958005879e-05	0.0	0.0	2.41709368655e-05	0.0	0.0	0.0
k__Bacteria;p__Proteobacteria;c__Alphaproteobacteria;o__Rhizobiales;f__Xanthobacteraceae	0.0	0.0	0.0	0.0	0.0	0.0	0.0	0.0	0.0	0.0	0.0	0.0	0.0	0.0	0.0	0.0	0.0	0.0	0.0	0.0	1.3878865264e-05	0.0	0.0	0.0	0.0	0.0	0.0	0.0	0.0	0.0	0.0	0.0	0.0	0.0	0.0	0.0	0.0	0.0	0.0	0.0	0.0	0.0	0.0	0.0	0.0	0.0	0.0	0.0	0.0	0.0	0.0	0.0	0.0	0.0	0.0
k__Bacteria;p__Proteobacteria;c__Alphaproteobacteria;o__Rhodobacterales;f__Rhodobacteraceae	0.0	0.0	2.69265980936e-05	4.46388715293e-05	5.75010062676e-05	0.0	0.0	0.0	0.0	0.0	0.0	0.0	0.0	0.0	0.0	2.76617520954e-05	0.0	0.0	0.0	0.0	0.0	0.0	0.0	0.0	2.56180350967e-05	0.0	0.0	0.0	0.0	2.71480928465e-05	0.0	0.0	1.57413383286e-05	0.0	6.25371314218e-05	0.0	2.54614894971e-05	0.0	0.0	0.0	0.0	5.04706387059e-05	0.0	0.0	0.0	0.0	0.0	0.0	0.0	0.0	0.0	0.0	0.0	5.63777307963e-05	0.0
k__Bacteria;p__Proteobacteria;c__Alphaproteobacteria;o__Rhodospirillales;f__Acetobacteraceae	0.0	0.0	0.0	0.0	0.0	2.79782888479e-05	0.0	0.0	0.0	0.0	1.39287405633e-05	0.0	0.0	0.0	1.37999558401e-05	0.0	0.0	0.0	0.0	0.0	0.0	0.0	0.0	3.91772771792e-05	0.0	0.0	0.0	0.0	1.87694733286e-05	0.0	0.0	0.0	0.0	0.0	3.12685657109e-05	0.0	0.0	0.0	0.0	0.0	0.0	2.5235319353e-05	0.0	0.0	0.0	0.0	0.0	0.0	0.0	0.0	0.0	0.0	0.0	0.0	0.0
k__Bacteria;p__Proteobacteria;c__Alphaproteobacteria;o__Rhodospirillales;f__Rhodospirillaceae	0.0	0.0	0.0	0.0	0.0	0.0	0.0	0.0	0.0	0.0	0.0	0.0	0.0	0.0	0.0	0.0	0.0	0.0	0.0	0.0	1.3878865264e-05	1.43903527075e-05	0.0	0.0	0.0	0.0	0.0	0.0	0.0	0.0	0.0	0.0	0.0	0.0	0.0	0.0	0.0	0.0	0.0	0.0	0.0	0.0	0.0	0.0	0.0	0.0	0.0	0.0	0.0	0.0	0.0	0.0	0.0	0.0	0.0
k__Bacteria;p__Proteobacteria;c__Alphaproteobacteria;o__Rickettsiales;f__	2.81618744544e-05	0.0	0.0	0.0	0.0	0.0	0.0	0.0	1.93397412343e-05	0.0	0.0	2.77654375833e-05	0.0	0.0	0.0	2.76617520954e-05	0.0	0.0	0.0	0.0	0.0	0.0	0.0	0.0	0.0	0.0	0.0	0.0	0.0	0.0	0.0	0.0	0.0	0.0	0.0	0.0	2.54614894971e-05	0.0	0.0	0.0	0.0	0.0	0.0	0.0	0.0	0.0	0.0	0.0	0.0	0.0	0.0	2.41709368655e-05	0.0	0.0	0.0
k__Bacteria;p__Proteobacteria;c__Alphaproteobacteria;o__Rickettsiales;f__Rickettsiaceae	0.000366104367907	0.000255784211138	0.000188486186655	0.000379430407999	5.75010062676e-05	0.000195848021935	0.000220519323006	0.000302069173841	0.000309435859748	0.000373330618202	0.000278574811266	0.000472012438916	0.000252297711299	0.000221751839532	0.000386398763524	0.000442588033526	0.000186137415947	0.000387768668292	0.000310893715802	0.000176834659593	0.000360850496863	0.000259026348736	0.000218443339158	0.000391772771792	0.000179326245677	0.00062732942175	0.000306871562448	0.000466377124202	0.000150155786629	0.000515813764083	0.000250618714953	9.44153330501e-05	0.000299085428243	0.000248133360402	3.12685657109e-05	0.00027283640729	0.000330999363463	0.000387736449996	0.000289815540932	0.000405734379226	0.000175821967699	0.000227117874177	0.000328947368421	0.000318097288832	0.000388661449966	0.000287645620595	0.000306109954696	0.000243652843429	0.000209970604115	0.000238726157225	0.000247662683425	0.00021753843179	0.0002574002574	0.000253699788584	0.000365274564714
k__Bacteria;p__Proteobacteria;c__Alphaproteobacteria;o__Rickettsiales;f__mitochondria	0.0	0.0	0.0	0.0	2.87505031338e-05	0.0	0.0	0.0	1.93397412343e-05	0.0	0.0	0.0	0.0	0.0	0.0	0.0	0.0	0.0	0.0	0.0	1.3878865264e-05	0.0	0.0	0.0	0.0	3.69017306912e-05	2.36055048037e-05	0.0	0.0	0.0	0.0	0.0	0.0	0.0	0.0	0.0	0.0	0.0	0.0	0.0	0.0	2.5235319353e-05	0.0	0.0	2.59107633311e-05	0.0	0.0	0.0	0.0	0.0	0.0	0.0	0.0	0.0	0.0
k__Bacteria;p__Proteobacteria;c__Alphaproteobacteria;o__Sphingomonadales;f__Erythrobacteraceae	0.0	0.0	0.0	0.0	0.0	2.79782888479e-05	0.0	0.0	0.0	0.0	0.0	0.0	0.0	0.0	0.0	0.0	0.0	0.0	0.0	0.0	0.0	0.0	0.0	0.0	0.0	0.0	0.0	0.0	0.0	0.0	0.0	0.0	0.0	0.0	0.0	0.0	0.0	0.0	0.0	0.0	0.0	0.0	0.0	0.0	0.0	0.0	0.0	0.0	0.0	0.0	0.0	0.0	0.0	0.0	0.0
k__Bacteria;p__Proteobacteria;c__Alphaproteobacteria;o__Sphingomonadales;f__Sphingomonadaceae	0.0	6.97593303104e-05	0.0	0.000111597178823	2.87505031338e-05	5.59565776957e-05	5.51298307514e-05	6.04138347682e-05	3.86794824685e-05	0.000203634882655	0.000139287405633	2.77654375833e-05	0.000108127590557	6.04777744179e-05	6.89997792007e-05	0.0	2.32671769934e-05	8.30932860625e-05	8.29049908805e-05	1.76834659593e-05	0.000124909787376	4.31710581226e-05	1.68033337814e-05	0.000117531831538	2.56180350967e-05	3.69017306912e-05	7.08165144112e-05	8.74457107879e-05	3.75389466572e-05	5.4296185693e-05	0.0	7.08114997876e-05	0.0001101893683	6.76727346552e-05	3.12685657109e-05	0.000136418203645	0.000101845957989	5.5390921428e-05	1.7047972996e-05	5.40979172302e-05	5.0234847914e-05	0.000100941277412	9.86842105263e-05	4.89380444357e-05	5.18215266622e-05	0.000143822810298	0.000153054977348	7.30958530286e-05	2.99958005879e-05	4.7745231445e-05	6.19156708563e-05	4.8341873731e-05	0.0	0.000112755461593	9.13186411786e-05
k__Bacteria;p__Proteobacteria;c__Betaproteobacteria;o__;f__	0.0	0.0	0.0	0.0	0.0	0.0	0.0	0.0	0.0	0.0	0.0	0.0	0.0	0.0	1.37999558401e-05	0.0	0.0	0.0	0.0	0.0	1.3878865264e-05	0.0	0.0	0.0	0.0	0.0	0.0	0.0	0.0	0.0	3.13273393691e-05	0.0	0.0	0.0	0.0	0.0	0.0	0.0	0.0	0.0	0.0	0.0	0.0	0.0	0.0	0.0	0.0	0.0	0.0	0.0	0.0	0.0	0.0	0.0	0.0
k__Bacteria;p__Proteobacteria;c__Betaproteobacteria;o__Burkholderiales;f__	0.0	0.0	0.0	0.0	0.0	0.0	0.0	0.0	0.0	0.0	0.0	0.0	0.0	0.0	2.75999116803e-05	0.0	0.0	0.0	0.0	0.0	0.0	0.0	0.0	0.0	0.0	0.0	0.0	0.0	0.0	0.0	0.0	0.0	0.0	0.0	0.0	0.0	0.0	0.0	0.0	0.0	0.0	0.0	0.0	0.0	0.0	0.0	0.0	0.0	0.0	0.0	0.0	0.0	0.0	0.0	0.0
k__Bacteria;p__Proteobacteria;c__Betaproteobacteria;o__Burkholderiales;f__Alcaligenaceae	5.63237489087e-05	6.97593303104e-05	0.0	8.92777430587e-05	8.62515094014e-05	0.0	2.75649153757e-05	3.02069173841e-05	0.0	0.000101817441328	2.78574811266e-05	8.32963127499e-05	1.80212650928e-05	4.03185162786e-05	4.13998675204e-05	2.76617520954e-05	0.0	2.76977620208e-05	2.07262477201e-05	1.76834659593e-05	2.7757730528e-05	1.43903527075e-05	3.36066675628e-05	0.000117531831538	5.12360701934e-05	0.0	2.36055048037e-05	5.82971405253e-05	0.0	0.000135740464232	0.0	0.0	0.0	0.0	6.25371314218e-05	2.7283640729e-05	5.09229789943e-05	0.0	1.7047972996e-05	5.40979172302e-05	2.5117423957e-05	2.5235319353e-05	3.28947368421e-05	2.44690222179e-05	2.59107633311e-05	4.79409367659e-05	3.06109954696e-05	4.87305686857e-05	2.99958005879e-05	2.38726157225e-05	0.0	2.41709368655e-05	0.0	5.63777307963e-05	3.04395470595e-05
k__Bacteria;p__Proteobacteria;c__Betaproteobacteria;o__Burkholderiales;f__Burkholderiaceae	0.0	0.0	0.0	0.0	0.0	0.0	0.0	0.0	0.0	0.0	1.39287405633e-05	0.0	1.80212650928e-05	2.01592581393e-05	1.37999558401e-05	0.0	0.0	0.0	0.0	0.0	0.0	0.0	0.0	0.0	0.0	0.0	0.0	0.0	3.75389466572e-05	0.0	0.0	0.0	0.0	0.0	0.0	0.0	0.0	0.0	0.0	0.0	0.0	0.0	3.28947368421e-05	0.0	0.0	0.0	0.0	0.0	0.0	0.0	0.0	0.0	3.67714653429e-05	2.81888653982e-05	0.0
k__Bacteria;p__Proteobacteria;c__Betaproteobacteria;o__Burkholderiales;f__Comamonadaceae	0.000112647497817	6.97593303104e-05	5.38531961872e-05	6.6958307294e-05	5.75010062676e-05	8.39348665436e-05	5.51298307514e-05	3.02069173841e-05	5.80192237028e-05	0.000101817441328	5.57149622531e-05	5.55308751666e-05	3.60425301856e-05	4.03185162786e-05	4.13998675204e-05	8.29852562861e-05	6.98015309802e-05	0.000138488810104	0.000124357486321	3.53669319187e-05	5.55154610559e-05	7.19517635377e-05	0.0	0.0	5.12360701934e-05	0.000110705192074	0.000118027524019	0.000145742851313	1.87694733286e-05	0.000135740464232	0.0	7.08114997876e-05	3.14826766572e-05	2.25575782184e-05	0.0	5.4567281458e-05	5.09229789943e-05	8.3086382142e-05	3.4095945992e-05	0.00010819583446	2.5117423957e-05	7.57059580589e-05	3.28947368421e-05	4.89380444357e-05	7.77322899933e-05	7.19114051489e-05	6.12219909391e-05	4.87305686857e-05	2.99958005879e-05	0.0	0.0	2.41709368655e-05	3.67714653429e-05	2.81888653982e-05	0.000152197735298
k__Bacteria;p__Proteobacteria;c__Betaproteobacteria;o__Burkholderiales;f__Oxalobacteraceae	0.000112647497817	6.97593303104e-05	0.000107706392374	4.46388715293e-05	8.62515094014e-05	0.000111913155391	2.75649153757e-05	6.04138347682e-05	3.86794824685e-05	0.000169695735546	6.96437028164e-05	5.55308751666e-05	3.60425301856e-05	2.01592581393e-05	5.51998233606e-05	8.29852562861e-05	9.30687079737e-05	0.000138488810104	6.21787431603e-05	5.3050397878e-05	6.93943263199e-05	8.63421162453e-05	3.36066675628e-05	7.83545543585e-05	2.56180350967e-05	7.38034613823e-05	2.36055048037e-05	5.82971405253e-05	7.50778933143e-05	0.000162888557079	3.13273393691e-05	9.44153330501e-05	0.0001101893683	6.76727346552e-05	3.12685657109e-05	8.18509221871e-05	0.000127307447486	8.3086382142e-05	1.7047972996e-05	0.000135244793075	7.5352271871e-05	0.0	6.57894736842e-05	4.89380444357e-05	0.000103643053324	4.79409367659e-05	0.0	0.000121826421714	2.99958005879e-05	7.16178471675e-05	9.28735062844e-05	9.66837474621e-05	0.000110314396029	0.000112755461593	9.13186411786e-05
k__Bacteria;p__Proteobacteria;c__Betaproteobacteria;o__Hydrogenophilales;f__Hydrogenophilaceae	0.0	0.0	0.0	0.0	2.87505031338e-05	0.0	0.0	0.0	0.0	0.0	0.0	0.0	0.0	0.0	0.0	0.0	0.0	0.0	0.0	0.0	0.0	0.0	0.0	0.0	0.0	0.0	0.0	0.0	0.0	0.0	0.0	0.0	0.0	0.0	0.0	0.0	0.0	0.0	0.0	0.0	0.0	0.0	0.0	0.0	0.0	0.0	0.0	0.0	0.0	0.0	0.0	0.0	0.0	0.0	0.0
k__Bacteria;p__Proteobacteria;c__Betaproteobacteria;o__Methylophilales;f__	0.0	0.0	0.0	0.0	0.0	0.0	0.0	0.0	0.0	0.0	0.0	0.0	0.0	0.0	1.37999558401e-05	0.0	0.0	0.0	0.0	1.76834659593e-05	0.0	0.0	0.0	3.91772771792e-05	0.0	0.0	0.0	0.0	0.0	2.71480928465e-05	0.0	0.0	1.57413383286e-05	0.0	0.0	0.0	0.0	0.0	0.0	2.70489586151e-05	0.0	0.0	0.0	4.89380444357e-05	0.0	0.0	0.0	0.0	2.99958005879e-05	0.0	0.0	0.0	0.0	0.0	0.0
k__Bacteria;p__Proteobacteria;c__Betaproteobacteria;o__Methylophilales;f__Methylophilaceae	2.81618744544e-05	2.32531101035e-05	0.0	2.23194357647e-05	0.0	2.79782888479e-05	0.0	0.0	1.93397412343e-05	3.39391471092e-05	0.0	2.77654375833e-05	0.0	2.01592581393e-05	1.37999558401e-05	2.76617520954e-05	2.32671769934e-05	0.0	0.0	1.76834659593e-05	0.0	0.0	0.0	0.0	0.0	0.0	0.0	2.91485702626e-05	0.0	0.0	0.0	0.0	0.0	0.0	0.0	0.0	0.0	0.0	0.0	2.70489586151e-05	0.0	0.0	0.0	0.0	0.0	0.0	6.12219909391e-05	0.0	0.0	2.38726157225e-05	0.0	0.0	0.0	2.81888653982e-05	0.0
k__Bacteria;p__Proteobacteria;c__Betaproteobacteria;o__Neisseriales;f__Neisseriaceae	0.0	4.6506220207e-05	0.0	0.0	0.0	0.0	2.75649153757e-05	0.0	0.0	1.69695735546e-05	1.39287405633e-05	0.0	0.0	0.0	0.0	2.76617520954e-05	0.0	0.0	0.0	0.0	1.3878865264e-05	0.0	0.0	0.0	0.0	0.0	0.0	0.0	0.0	0.0	0.0	0.0	0.0	0.0	0.0	0.0	0.0	0.0	0.0	0.0	0.0	0.0	0.0	0.0	0.0	0.0	0.0	0.0	0.0	0.0	0.0	0.0	3.67714653429e-05	0.0	0.0
k__Bacteria;p__Proteobacteria;c__Betaproteobacteria;o__Procabacteriales;f__Procabacteriaceae	0.0	0.0	0.0	0.0	0.0	0.0	2.75649153757e-05	0.0	1.93397412343e-05	1.69695735546e-05	0.0	0.0	1.80212650928e-05	0.0	1.37999558401e-05	0.0	0.0	0.0	0.0	0.0	0.0	0.0	0.0	0.0	0.0	0.0	0.0	0.0	0.0	0.0	3.13273393691e-05	0.0	1.57413383286e-05	0.0	0.0	0.0	0.0	0.0	0.0	0.0	0.0	0.0	0.0	0.0	0.0	0.0	3.06109954696e-05	0.0	0.0	0.0	0.0	0.0	0.0	0.0	0.0
k__Bacteria;p__Proteobacteria;c__Betaproteobacteria;o__Rhodocyclales;f__Rhodocyclaceae	2.81618744544e-05	2.32531101035e-05	2.69265980936e-05	0.0	2.87505031338e-05	0.0	2.75649153757e-05	3.02069173841e-05	1.93397412343e-05	1.69695735546e-05	4.17862216898e-05	0.0	0.0	0.0	1.37999558401e-05	5.53235041908e-05	6.98015309802e-05	0.0	0.0	3.53669319187e-05	1.3878865264e-05	0.0	1.68033337814e-05	0.0	5.12360701934e-05	3.69017306912e-05	0.0	2.91485702626e-05	1.87694733286e-05	5.4296185693e-05	0.0	2.36038332625e-05	3.14826766572e-05	4.51151564368e-05	3.12685657109e-05	2.7283640729e-05	0.0	2.7695460714e-05	1.7047972996e-05	0.0	5.0234847914e-05	0.0	0.0	2.44690222179e-05	0.0	0.0	0.0	4.87305686857e-05	0.0	2.38726157225e-05	3.09578354281e-05	0.0	3.67714653429e-05	0.0	0.0
k__Bacteria;p__Proteobacteria;c__Betaproteobacteria;o__SBla14;f__	0.0	0.0	0.0	0.0	0.0	0.0	0.0	0.0	0.0	0.0	1.39287405633e-05	0.0	0.0	0.0	0.0	0.0	0.0	0.0	0.0	0.0	0.0	0.0	0.0	0.0	0.0	0.0	0.0	0.0	0.0	0.0	0.0	0.0	0.0	0.0	0.0	0.0	0.0	0.0	0.0	0.0	0.0	0.0	0.0	0.0	0.0	0.0	0.0	0.0	0.0	0.0	0.0	0.0	0.0	0.0	0.0
k__Bacteria;p__Proteobacteria;c__Deltaproteobacteria;o__;f__	0.0	2.32531101035e-05	0.0	0.0	0.0	0.0	0.0	0.0	0.0	0.0	1.39287405633e-05	0.0	0.0	0.0	1.37999558401e-05	0.0	0.0	0.0	0.0	0.0	0.0	0.0	0.0	0.0	0.0	0.0	0.0	0.0	0.0	0.0	0.0	0.0	0.0	0.0	0.0	2.7283640729e-05	0.0	0.0	0.0	0.0	0.0	0.0	0.0	0.0	0.0	0.0	0.0	0.0	0.0	0.0	0.0	0.0	0.0	0.0	0.0
k__Bacteria;p__Proteobacteria;c__Deltaproteobacteria;o__Bdellovibrionales;f__Bacteriovoracaceae	0.0	0.0	0.0	0.0	0.0	0.0	0.0	0.0	0.0	0.0	0.0	0.0	0.0	0.0	0.0	0.0	0.0	0.0	0.0	0.0	0.0	0.0	0.0	0.0	0.0	0.0	0.0	0.0	0.0	2.71480928465e-05	0.0	0.0	0.0	0.0	0.0	0.0	0.0	0.0	0.0	0.0	0.0	0.0	0.0	0.0	0.0	0.0	0.0	0.0	0.0	0.0	0.0	0.0	0.0	0.0	0.0
k__Bacteria;p__Proteobacteria;c__Deltaproteobacteria;o__Bdellovibrionales;f__Bdellovibrionaceae	0.0	0.0	0.0	0.0	0.0	0.0	0.0	0.0	1.93397412343e-05	0.0	0.0	0.0	0.0	0.0	0.0	0.0	0.0	0.0	0.0	0.0	0.0	0.0	0.0	0.0	0.0	3.69017306912e-05	0.0	0.0	0.0	0.0	0.0	0.0	0.0	0.0	0.0	0.0	0.0	0.0	0.0	0.0	0.0	0.0	0.0	0.0	0.0	0.0	0.0	0.0	0.0	0.0	0.0	0.0	0.0	0.0	0.0
k__Bacteria;p__Proteobacteria;c__Deltaproteobacteria;o__Desulfobacterales;f__Desulfobacteraceae	0.0	0.0	0.0	0.0	0.0	0.0	0.0	3.02069173841e-05	0.0	0.0	0.0	0.0	0.0	0.0	0.0	0.0	0.0	0.0	0.0	0.0	0.0	2.87807054151e-05	0.0	0.0	0.0	0.0	0.0	0.0	0.0	0.0	0.0	0.0	0.0	0.0	0.0	0.0	0.0	0.0	0.0	0.0	0.0	0.0	0.0	0.0	0.0	0.0	0.0	0.0	0.0	0.0	0.0	0.0	0.0	0.0	0.0
k__Bacteria;p__Proteobacteria;c__Deltaproteobacteria;o__Desulfobacterales;f__Desulfobulbaceae	0.0	0.0	0.0	0.0	0.0	0.0	0.0	0.0	0.0	0.0	0.0	0.0	0.0	0.0	0.0	0.0	0.0	0.0	0.0	0.0	0.0	0.0	0.0	0.0	2.56180350967e-05	0.0	0.0	0.0	1.87694733286e-05	0.0	0.0	0.0	0.0	0.0	0.0	0.0	0.0	0.0	0.0	0.0	0.0	2.5235319353e-05	0.0	0.0	0.0	0.0	0.0	0.0	0.0	2.38726157225e-05	0.0	2.41709368655e-05	0.0	2.81888653982e-05	0.0
k__Bacteria;p__Proteobacteria;c__Deltaproteobacteria;o__Desulfovibrionales;f__Desulfovibrionaceae	0.0194880171224	0.010115102895	0.0633852119123	6.6958307294e-05	0.117790811339	0.0794863186168	0.0616075858647	0.055761969491	0.0572456340534	0.0556941404063	0.0701451374767	0.0337072412261	0.072030996576	0.034008668481	0.0588430117024	0.128544161987	0.000442076362875	0.0210502991358	0.124502570055	0.0138284703802	0.034752678621	0.0108934969996	0.0697002285253	0.000156709108717	0.0292045600102	0.0879737259677	0.101857753228	0.023756084764	0.0189759375352	0.0456359440749	0.038532627424	7.08114997876e-05	0.0856801045225	0.0525591572489	0.0222006816547	0.0213630906908	0.0814513049013	0.0496302655995	0.0837055474104	0.0631322694076	0.102127445809	0.0276831453302	0.0989802631579	0.00102769893315	0.0251593511945	0.0243060549403	0.0243357413983	0.0718288582428	0.124632551443	0.0203633412113	0.0392854931583	0.108841728705	0.0354844640559	0.0668076109937	0.112717642761
k__Bacteria;p__Proteobacteria;c__Deltaproteobacteria;o__Desulfuromonadales;f__Geobacteraceae	2.81618744544e-05	0.0	0.0	0.0	0.0	2.79782888479e-05	0.0	3.02069173841e-05	1.93397412343e-05	0.0	0.0	5.55308751666e-05	0.0	0.0	0.0	0.0	0.0	0.0	0.0	0.0	0.0	1.43903527075e-05	0.0	0.0	0.0	3.69017306912e-05	0.0	2.91485702626e-05	0.0	0.0	0.0	2.36038332625e-05	0.0	0.0	3.12685657109e-05	2.7283640729e-05	0.0	2.7695460714e-05	0.0	0.0	0.0	2.5235319353e-05	0.0	0.0	0.0	0.0	0.0	0.0	0.0	0.0	0.0	0.0	0.0	0.0	3.04395470595e-05
k__Bacteria;p__Proteobacteria;c__Deltaproteobacteria;o__Myxococcales;f__	0.0	0.0	0.0	0.0	0.0	0.0	0.0	0.0	0.0	0.0	0.0	0.0	0.0	0.0	0.0	0.0	0.0	0.0	0.0	0.0	0.0	0.0	1.68033337814e-05	0.0	0.0	0.0	0.0	0.0	1.87694733286e-05	0.0	0.0	0.0	0.0	0.0	0.0	0.0	0.0	2.7695460714e-05	0.0	0.0	0.0	0.0	0.0	0.0	0.0	0.0	0.0	0.0	0.0	0.0	0.0	0.0	0.0	0.0	0.0
k__Bacteria;p__Proteobacteria;c__Deltaproteobacteria;o__Myxococcales;f__0319-6G20	0.0	0.0	0.0	0.0	0.0	0.0	0.0	3.02069173841e-05	3.86794824685e-05	1.69695735546e-05	0.0	0.0	1.80212650928e-05	0.0	0.0	5.53235041908e-05	0.0	0.0	0.0	0.0	2.7757730528e-05	0.0	0.0	0.0	0.0	0.0	2.36055048037e-05	0.0	0.0	0.0	0.0	0.0	1.57413383286e-05	0.0	0.0	0.0	0.0	0.0	0.0	0.0	0.0	0.0	0.0	0.0	2.59107633311e-05	0.0	0.0	0.0	0.0	0.0	0.0	2.41709368655e-05	0.0	0.0	0.0
k__Bacteria;p__Proteobacteria;c__Deltaproteobacteria;o__Myxococcales;f__Myxococcaceae	0.0	0.0	0.0	0.0	2.87505031338e-05	0.0	0.0	0.0	0.0	0.0	0.0	0.0	0.0	0.0	1.37999558401e-05	0.0	0.0	0.0	0.0	0.0	0.0	0.0	0.0	0.0	0.0	0.0	0.0	0.0	0.0	0.0	0.0	0.0	0.0	0.0	0.0	0.0	0.0	0.0	0.0	0.0	0.0	0.0	0.0	0.0	0.0	0.0	0.0	0.0	0.0	0.0	0.0	0.0	0.0	0.0	0.0
k__Bacteria;p__Proteobacteria;c__Deltaproteobacteria;o__Syntrophobacterales;f__Syntrophaceae	0.0	0.0	0.0	0.0	0.0	0.0	0.0	0.0	0.0	0.0	0.0	0.0	0.0	0.0	0.0	0.0	0.0	0.0	0.0	0.0	0.0	1.43903527075e-05	0.0	0.0	0.0	0.0	0.0	0.0	0.0	0.0	0.0	0.0	0.0	0.0	0.0	0.0	0.0	0.0	0.0	0.0	0.0	0.0	0.0	0.0	0.0	0.0	0.0	0.0	0.0	0.0	0.0	0.0	0.0	0.0	0.0
k__Bacteria;p__Proteobacteria;c__Deltaproteobacteria;o__Syntrophobacterales;f__Syntrophobacteraceae	0.0	0.0	0.0	0.0	0.0	2.79782888479e-05	0.0	0.0	0.0	0.0	0.0	0.0	0.0	0.0	0.0	0.0	0.0	0.0	0.0	0.0	0.0	0.0	0.0	0.0	0.0	0.0	0.0	0.0	0.0	0.0	0.0	0.0	1.57413383286e-05	0.0	0.0	0.0	0.0	0.0	0.0	0.0	0.0	0.0	0.0	0.0	0.0	0.0	0.0	0.0	0.0	0.0	0.0	0.0	0.0	0.0	0.0
k__Bacteria;p__Proteobacteria;c__Epsilonproteobacteria;o__Campylobacterales;f__Campylobacteraceae	0.0	0.0	0.0	0.0	5.75010062676e-05	0.0	0.0	0.0	0.0	0.0	2.78574811266e-05	0.0	0.0	0.0	0.0	5.53235041908e-05	0.0	0.0	2.07262477201e-05	0.0	0.0	0.0	0.0	3.91772771792e-05	0.0	0.0	2.36055048037e-05	0.0	0.0	0.0	0.0	0.0	0.0	2.25575782184e-05	0.0	0.0	0.0	0.0	0.0	0.0	0.0	2.5235319353e-05	0.0	0.0	0.0	4.79409367659e-05	0.0	0.0	0.0	2.38726157225e-05	0.0	2.41709368655e-05	0.0	0.0	0.0
k__Bacteria;p__Proteobacteria;c__Gammaproteobacteria;o__;f__	0.0	0.0	0.0	0.0	0.0	0.0	0.0	0.0	0.0	0.0	0.0	0.0	0.0	0.0	0.0	0.0	0.0	0.0	0.0	0.0	0.0	0.0	0.0	0.0	0.0	0.0	0.0	0.0	0.0	0.0	0.0	0.0	0.0	0.0	0.0	0.0	0.0	0.0	0.0	0.0	0.0	0.0	0.0	0.0	0.0	0.0	3.06109954696e-05	0.0	0.0	0.0	0.0	0.0	0.0	0.0	0.0
k__Bacteria;p__Proteobacteria;c__Gammaproteobacteria;o__Aeromonadales;f__Aeromonadaceae	0.0	0.0	0.0	0.0	0.0	0.0	0.0	0.0	0.0	0.0	0.0	0.0	0.0	0.0	0.0	0.0	0.0	0.0	0.0	0.0	0.0	0.0	0.0	0.0	0.0	0.0	0.0	0.0	0.0	0.0	0.0	0.0	0.0	0.0	0.0	0.0	0.0	0.0	0.0	0.0	0.0	0.0	3.28947368421e-05	0.0	0.0	0.0	0.0	0.0	0.0	0.0	0.0	0.0	0.0	0.0	0.0
k__Bacteria;p__Proteobacteria;c__Gammaproteobacteria;o__Alteromonadales;f__OM60	0.0	0.0	0.0	0.0	0.0	2.79782888479e-05	0.0	0.0	0.0	0.0	0.0	0.0	0.0	0.0	0.0	0.0	0.0	0.0	0.0	0.0	0.0	0.0	0.0	0.0	0.0	0.0	0.0	0.0	0.0	0.0	0.0	0.0	0.0	0.0	0.0	0.0	0.0	0.0	0.0	0.0	0.0	0.0	0.0	0.0	0.0	0.0	0.0	0.0	0.0	0.0	0.0	0.0	0.0	0.0	0.0
k__Bacteria;p__Proteobacteria;c__Gammaproteobacteria;o__Alteromonadales;f__Shewanellaceae	0.0	0.0	0.0	0.0	0.0	0.0	0.0	0.0	0.0	0.0	1.39287405633e-05	0.0	0.0	0.0	0.0	0.0	0.0	0.0	0.0	0.0	0.0	0.0	0.0	0.0	0.0	0.0	0.0	0.0	0.0	0.0	0.0	0.0	0.0	0.0	0.0	0.0	0.0	0.0	0.0	0.0	0.0	0.0	0.0	0.0	0.0	0.0	0.0	2.43652843429e-05	0.0	0.0	0.0	0.0	0.0	0.0	0.0
k__Bacteria;p__Proteobacteria;c__Gammaproteobacteria;o__Chromatiales;f__	2.81618744544e-05	0.0	0.0	0.0	2.87505031338e-05	0.0	0.0	0.0	0.0	0.0	0.0	0.0	0.0	0.0	0.0	0.0	0.0	0.0	0.0	0.0	0.0	0.0	0.0	0.0	0.0	0.0	0.0	0.0	0.0	0.0	0.0	0.0	0.0	0.0	0.0	0.0	0.0	0.0	0.0	0.0	0.0	0.0	0.0	0.0	0.0	0.0	0.0	0.0	0.0	0.0	0.0	0.0	0.0	0.0	0.0
k__Bacteria;p__Proteobacteria;c__Gammaproteobacteria;o__Enterobacteriales;f__Enterobacteriaceae	0.00354839618125	0.00485990001163	0.000403898971404	0.00392822069458	0.00330630786039	0.00372111241676	0.000165389492254	0.000302069173841	0.00572456340534	0.00230786200343	0.00883082151712	0.000527543314083	0.00724454856731	0.00880959580687	0.0340168911459	0.000857514314957	0.000372274831895	0.00121870152892	0.00362709335102	0.0085234305924	0.00902126242158	0.000964153631406	0.0108213469552	0.000587659157689	0.00245933136928	0.00424369902948	0.00354082572056	0.000262337132364	0.000300311573257	0.000488665671237	0.00253751448889	0.000755322664401	0.0298770601477	0.00293248516839	0.000531565617085	0.00128233111426	0.00244430299173	0.00454205555709	0.00017047972996	0.00324587503381	0.00369226132168	0.000757059580589	0.00286184210526	0.0023245571107	0.000595947556615	0.00218131262285	0.000214276968287	0.00470249987817	0.00236966824645	9.549046289e-05	0.00173363878398	0.00389152083535	0.000919286633572	0.000507399577167	0.00176549372945
k__Bacteria;p__Proteobacteria;c__Gammaproteobacteria;o__Legionellales;f__	0.0	0.0	0.0	0.0	2.87505031338e-05	0.0	0.0	0.0	0.0	0.0	0.0	0.0	0.0	0.0	0.0	0.0	0.0	0.0	0.0	0.0	0.0	0.0	0.0	0.0	0.0	0.0	0.0	0.0	0.0	0.0	0.0	0.0	0.0	0.0	0.0	0.0	0.0	0.0	0.0	0.0	0.0	0.0	0.0	0.0	0.0	0.0	0.0	0.0	2.99958005879e-05	0.0	0.0	0.0	0.0	0.0	0.0
k__Bacteria;p__Proteobacteria;c__Gammaproteobacteria;o__Legionellales;f__Coxiellaceae	0.0	0.0	0.0	0.0	0.0	2.79782888479e-05	0.0	0.0	0.0	0.0	0.0	0.0	0.0	0.0	0.0	0.0	0.0	0.0	0.0	1.76834659593e-05	0.0	0.0	0.0	0.0	0.0	0.0	0.0	0.0	0.0	2.71480928465e-05	0.0	0.0	0.0	0.0	0.0	0.0	0.0	0.0	0.0	0.0	0.0	0.0	0.0	0.0	0.0	0.0	0.0	0.0	0.0	0.0	0.0	0.0	0.0	0.0	0.0
k__Bacteria;p__Proteobacteria;c__Gammaproteobacteria;o__Legionellales;f__Legionellaceae	0.0	0.0	0.0	0.0	0.0	0.0	0.0	0.0	0.0	0.0	0.0	0.0	0.0	0.0	0.0	0.0	0.0	0.0	0.0	0.0	0.0	0.0	1.68033337814e-05	0.0	0.0	0.0	0.0	0.0	0.0	0.0	0.0	0.0	0.0	0.0	0.0	0.0	0.0	0.0	0.0	0.0	0.0	0.0	0.0	0.0	0.0	0.0	0.0	0.0	0.0	0.0	0.0	0.0	0.0	0.0	0.0
k__Bacteria;p__Proteobacteria;c__Gammaproteobacteria;o__Methylococcales;f__Crenotrichaceae	0.0	0.0	0.0	0.0	0.0	0.0	0.0	0.0	0.0	0.0	0.0	0.0	0.0	0.0	1.37999558401e-05	0.0	0.0	0.0	0.0	0.0	0.0	0.0	0.0	0.0	0.0	0.0	0.0	0.0	0.0	0.0	0.0	0.0	0.0	0.0	0.0	5.4567281458e-05	0.0	0.0	0.0	0.0	2.5117423957e-05	0.0	0.0	0.0	0.0	0.0	0.0	0.0	0.0	0.0	0.0	0.0	0.0	0.0	0.0
k__Bacteria;p__Proteobacteria;c__Gammaproteobacteria;o__Methylococcales;f__Methylococcaceae	0.0	0.0	0.0	2.23194357647e-05	0.0	0.0	0.0	0.0	0.0	1.69695735546e-05	0.0	0.0	0.0	0.0	0.0	0.0	0.0	0.0	0.0	0.0	1.3878865264e-05	0.0	1.68033337814e-05	0.0	0.0	0.0	0.0	0.0	0.0	0.0	0.0	0.0	1.57413383286e-05	0.0	0.0	0.0	0.0	0.0	0.0	2.70489586151e-05	0.0	0.0	0.0	0.0	0.0	0.0	0.0	2.43652843429e-05	0.0	0.0	0.0	0.0	0.0	0.0	0.0
k__Bacteria;p__Proteobacteria;c__Gammaproteobacteria;o__Oceanospirillales;f__Halomonadaceae	0.0	0.0	0.0	0.0	0.0	0.0	0.0	0.0	0.0	0.0	1.39287405633e-05	0.0	0.0	0.0	0.0	0.0	0.0	0.0	0.0	0.0	0.0	0.0	0.0	0.0	0.0	0.0	0.0	0.0	0.0	0.0	0.0	0.0	1.57413383286e-05	0.0	0.0	0.0	0.0	0.0	0.0	0.0	0.0	0.0	0.0	0.0	0.0	0.0	0.0	0.0	0.0	0.0	0.0	0.0	0.0	0.0	0.0
k__Bacteria;p__Proteobacteria;c__Gammaproteobacteria;o__Pasteurellales;f__	0.0	0.0	0.0	0.0	0.0	0.0	0.0	0.0	0.0	0.0	0.0	0.0	0.0	0.0	0.0	0.0	0.0	0.0	0.0	0.0	0.0	0.0	1.68033337814e-05	0.0	0.0	0.0	0.0	0.0	0.0	0.0	0.0	0.0	0.0	0.0	0.0	0.0	0.0	0.0	0.0	0.0	0.0	0.0	0.0	0.0	0.0	0.0	0.0	0.0	2.99958005879e-05	0.0	0.0	0.0	0.0	0.0	0.0
k__Bacteria;p__Proteobacteria;c__Gammaproteobacteria;o__Pasteurellales;f__Pasteurellaceae	2.81618744544e-05	0.0	0.0	0.0	5.75010062676e-05	2.79782888479e-05	0.0	0.0	1.93397412343e-05	1.69695735546e-05	1.39287405633e-05	0.0	5.40637952784e-05	0.0	1.37999558401e-05	2.76617520954e-05	0.0	2.76977620208e-05	2.07262477201e-05	0.0	0.0	0.0	0.0	0.0	0.0	3.69017306912e-05	0.0	0.0	0.0	5.4296185693e-05	3.13273393691e-05	0.0	0.0	0.0	0.0	0.0	0.0	0.0	1.7047972996e-05	2.70489586151e-05	0.0	0.0	0.0	0.0	5.18215266622e-05	4.79409367659e-05	0.0	2.43652843429e-05	2.99958005879e-05	0.0	3.09578354281e-05	4.8341873731e-05	0.0	0.0	0.0
k__Bacteria;p__Proteobacteria;c__Gammaproteobacteria;o__Pseudomonadales;f__Moraxellaceae	0.000140809372272	9.30124404139e-05	5.38531961872e-05	4.46388715293e-05	0.000143752515669	5.59565776957e-05	0.000275649153757	3.02069173841e-05	5.80192237028e-05	0.000186665309101	0.000111429924506	8.32963127499e-05	0.000108127590557	8.06370325572e-05	0.000110399646721	0.000193632264668	0.000116335884967	0.000166186572125	0.000165809981761	0.000123784261715	0.000152667517904	7.19517635377e-05	6.72133351257e-05	0.000117531831538	0.000128090175484	0.000184508653456	4.72110096074e-05	5.82971405253e-05	0.0001313863133	0.000190036649925	3.13273393691e-05	4.7207666525e-05	0.000157413383286	9.02303128736e-05	0.000125074262844	0.000109134562916	0.000229153405474	2.7695460714e-05	0.000136383783968	0.000189342710306	0.0	0.000100941277412	9.86842105263e-05	7.34070666536e-05	0.000129553816655	0.000143822810298	3.06109954696e-05	0.000121826421714	0.000119983202352	9.549046289e-05	9.28735062844e-05	7.25128105965e-05	7.35429306858e-05	8.45665961945e-05	9.13186411786e-05
k__Bacteria;p__Proteobacteria;c__Gammaproteobacteria;o__Pseudomonadales;f__Pseudomonadaceae	0.000816694359177	0.000976630624346	0.000700091550434	0.000580305329881	0.00103501811282	0.000727435510044	0.00096477203815	0.000543724512913	0.000754249908136	0.00162907906124	0.000710365768727	0.000971790315415	0.000720850603712	0.00086684809999	0.00109019651137	0.00105114657962	0.000674748132809	0.000914026146687	0.000849776156525	0.000548187444739	0.000957641703214	0.00107927645307	0.000672133351257	0.000822722820764	0.000717304982708	0.00118085538212	0.000660954134504	0.00116594281051	0.000807087353129	0.00176462603502	0.000814510823596	0.000826134164188	0.000724101563115	0.000812072815862	0.000906788405616	0.000600240096038	0.00071292170592	0.000581604674994	0.00068191891984	0.0010819583446	0.000728405294753	0.00105988341282	0.000657894736842	0.0011011059998	0.0011659843499	0.000910877798552	0.000612219909391	0.000925880805029	0.000449937008819	0.000596815393063	0.000526283202278	0.000773469979696	0.000625114910829	0.00104298801973	0.00124802142944
k__Bacteria;p__Proteobacteria;c__Gammaproteobacteria;o__Vibrionales;f__Pseudoalteromonadaceae	0.000140809372272	9.30124404139e-05	0.000107706392374	4.46388715293e-05	5.75010062676e-05	0.000111913155391	5.51298307514e-05	0.0	5.80192237028e-05	0.000169695735546	9.75011839429e-05	2.77654375833e-05	5.40637952784e-05	0.000100796290697	5.51998233606e-05	5.53235041908e-05	6.98015309802e-05	0.000110791048083	6.21787431603e-05	3.53669319187e-05	2.7757730528e-05	5.75614108302e-05	0.00011762333647	0.000117531831538	5.12360701934e-05	7.38034613823e-05	4.72110096074e-05	0.000116594281051	5.63084199857e-05	0.000135740464232	9.39820181072e-05	7.08114997876e-05	9.44480299715e-05	4.51151564368e-05	3.12685657109e-05	5.4567281458e-05	0.000101845957989	2.7695460714e-05	3.4095945992e-05	8.11468758453e-05	2.5117423957e-05	7.57059580589e-05	9.86842105263e-05	7.34070666536e-05	0.000155464579987	2.3970468383e-05	6.12219909391e-05	4.87305686857e-05	5.99916011758e-05	0.000119363078613	6.19156708563e-05	7.25128105965e-05	3.67714653429e-05	5.63777307963e-05	6.08790941191e-05
k__Bacteria;p__Proteobacteria;c__Gammaproteobacteria;o__Vibrionales;f__Vibrionaceae	0.0	2.32531101035e-05	0.0	0.0	0.0	2.79782888479e-05	0.0	0.0	0.0	1.69695735546e-05	2.78574811266e-05	0.0	1.80212650928e-05	0.0	0.0	0.0	0.0	0.0	0.0	3.53669319187e-05	0.0	0.0	0.0	0.0	2.56180350967e-05	3.69017306912e-05	0.0	0.0	0.0	0.0	0.0	0.0	1.57413383286e-05	0.0	0.0	2.7283640729e-05	0.0	0.0	0.0	0.0	0.0	0.0	0.0	0.0	0.0	0.0	3.06109954696e-05	0.0	0.0	2.38726157225e-05	0.0	0.0	0.0	2.81888653982e-05	3.04395470595e-05
k__Bacteria;p__Proteobacteria;c__Gammaproteobacteria;o__Xanthomonadales;f__Sinobacteraceae	0.0	0.0	0.0	0.0	0.0	0.0	0.0	0.0	0.0	0.0	0.0	0.0	0.0	0.0	0.0	0.0	0.0	0.0	0.0	0.0	0.0	0.0	0.0	0.0	0.0	0.0	0.0	0.0	0.0	0.0	0.0	0.0	0.0	0.0	0.0	0.0	0.0	2.7695460714e-05	0.0	0.0	0.0	0.0	0.0	0.0	2.59107633311e-05	0.0	0.0	0.0	0.0	0.0	0.0	0.0	0.0	0.0	0.0
k__Bacteria;p__Proteobacteria;c__Gammaproteobacteria;o__Xanthomonadales;f__Xanthomonadaceae	0.000253456870089	0.000186024880828	0.000215412784749	0.000245513793411	0.000172503018803	0.000279782888479	8.26947461271e-05	0.000181241504304	0.000154717929874	0.000305452323983	0.000292503551829	0.000222123500666	0.000144170120742	6.04777744179e-05	0.000344998896004	0.000276617520954	0.000162870238954	0.000221582096167	0.000207262477201	0.000176834659593	0.000222061844224	0.000129513174368	0.000151230004033	0.000117531831538	0.000204944280774	0.000184508653456	0.000259660552841	0.000262337132364	0.000150155786629	0.000162888557079	0.000125309357476	0.0003776613322	0.000283344089915	0.000225575782184	0.000156342828554	0.000163701844374	0.00017823042648	0.000166172764284	0.000187527702956	0.000162293751691	0.000175821967699	0.000176647235471	0.000263157894737	0.000195752177743	0.000414572213297	0.000119852341915	3.06109954696e-05	0.0001705569904	0.000269962205291	7.16178471675e-05	6.19156708563e-05	9.66837474621e-05	0.000183857326714	0.000169133192389	0.000304395470595
k__Bacteria;p__Proteobacteria;c__Zetaproteobacteria;o__Mariprofundales;f__Mariprofundaceae	0.0	0.0	0.0	0.0	0.0	0.0	2.75649153757e-05	0.0	0.0	0.0	0.0	0.0	0.0	0.0	0.0	0.0	0.0	0.0	0.0	0.0	0.0	0.0	0.0	0.0	0.0	0.0	0.0	0.0	1.87694733286e-05	0.0	0.0	0.0	0.0	0.0	0.0	0.0	0.0	0.0	0.0	0.0	0.0	0.0	0.0	0.0	0.0	0.0	0.0	0.0	0.0	0.0	0.0	0.0	0.0	0.0	0.0
k__Bacteria;p__Spirochaetes;c__Spirochaetes;o__Spirochaetales;f__Spirochaetaceae	0.0	0.0	0.0	0.0	0.0	0.0	2.75649153757e-05	0.0	0.0	0.0	0.0	0.0	0.0	0.0	0.0	0.0	0.0	0.0	0.0	0.0	0.0	0.0	0.0	0.0	0.0	0.0	0.0	0.0	0.0	0.0	0.0	0.0	0.0	0.0	0.0	0.0	0.0	0.0	0.0	0.0	0.0	0.0	0.0	0.0	0.0	0.0	0.0	0.0	0.0	0.0	0.0	0.0	0.0	0.0	0.0
k__Bacteria;p__TM7;c__TM7-3;o__CW040;f__F16	0.0	0.0	0.0	6.6958307294e-05	2.87505031338e-05	0.0	0.0	0.0	1.93397412343e-05	0.0	0.0	0.0	0.0	0.0	0.0	0.0	2.32671769934e-05	0.0	0.0	1.76834659593e-05	1.3878865264e-05	0.0	1.68033337814e-05	0.0	2.56180350967e-05	7.38034613823e-05	0.0	0.0	0.0	0.0	0.0	0.0	0.0	0.0	0.0	0.0	2.54614894971e-05	0.0	0.0	0.0	2.5117423957e-05	0.0	0.0	2.44690222179e-05	0.0	0.0	0.0	0.0	0.0	0.0	0.0	0.0	0.0	0.0	0.0
k__Bacteria;p__Tenericutes;c__CK-1C4-19;o__;f__	8.44856233631e-05	4.6506220207e-05	2.69265980936e-05	6.6958307294e-05	5.75010062676e-05	0.0	0.0	6.04138347682e-05	3.86794824685e-05	0.0	9.75011839429e-05	0.000111061750333	1.80212650928e-05	2.01592581393e-05	1.37999558401e-05	2.76617520954e-05	2.32671769934e-05	2.76977620208e-05	0.0	1.76834659593e-05	4.16365957919e-05	0.0	5.04100013443e-05	3.91772771792e-05	2.56180350967e-05	0.0	0.0	5.82971405253e-05	1.87694733286e-05	5.4296185693e-05	0.0	0.0	6.29653533143e-05	4.51151564368e-05	3.12685657109e-05	2.7283640729e-05	0.0	2.7695460714e-05	3.4095945992e-05	0.0	2.5117423957e-05	2.5235319353e-05	0.0	4.89380444357e-05	5.18215266622e-05	2.3970468383e-05	9.18329864087e-05	2.43652843429e-05	0.0	4.7745231445e-05	3.09578354281e-05	4.8341873731e-05	0.0	2.81888653982e-05	3.04395470595e-05
k__Bacteria;p__Tenericutes;c__Mollicutes;o__Anaeroplasmatales;f__Anaeroplasmataceae	8.44856233631e-05	0.000255784211138	0.000538531961872	0.0089054548701	0.000172503018803	0.00159476246433	0.000303214069133	3.02069173841e-05	0.00206935231207	6.78782942185e-05	0.00214502604674	0.000333185251	0.000684808073527	2.01592581393e-05	0.0020285935085	0.0	0.0	0.00196654110348	0.0108605538053	0.000141467727675	0.00693943263199	0.000892201867868	0.00156271004167	7.83545543585e-05	0.0	0.00154987268903	0.00118027524019	5.82971405253e-05	7.50778933143e-05	0.000352925207004	9.39820181072e-05	0.0	0.000881514946401	6.76727346552e-05	6.25371314218e-05	5.4567281458e-05	0.000203691915977	0.000387736449996	0.000187527702956	0.000595077089532	0.00203451134052	0.0	0.0	0.000440442399922	2.59107633311e-05	0.0	0.0	0.000194922274743	0.0	0.00019098092578	0.000123831341713	0.000725128105965	0.0	8.45665961945e-05	0.0
k__Bacteria;p__Tenericutes;c__Mollicutes;o__Entomoplasmatales;f__	8.44856233631e-05	6.97593303104e-05	0.0	2.23194357647e-05	0.0	0.000111913155391	8.26947461271e-05	3.02069173841e-05	0.0	5.09087206638e-05	5.57149622531e-05	2.77654375833e-05	5.40637952784e-05	0.000100796290697	0.000110399646721	8.29852562861e-05	0.000116335884967	0.000110791048083	4.14524954402e-05	3.53669319187e-05	8.32731915839e-05	4.31710581226e-05	3.36066675628e-05	0.000117531831538	7.68541052901e-05	0.0	2.36055048037e-05	5.82971405253e-05	5.63084199857e-05	2.71480928465e-05	6.26546787381e-05	9.44153330501e-05	4.72240149858e-05	4.51151564368e-05	3.12685657109e-05	0.0	2.54614894971e-05	5.5390921428e-05	6.8191891984e-05	0.00010819583446	0.0	7.57059580589e-05	3.28947368421e-05	4.89380444357e-05	2.59107633311e-05	9.58818735318e-05	0.0	2.43652843429e-05	2.99958005879e-05	4.7745231445e-05	3.09578354281e-05	0.0	0.0	2.81888653982e-05	0.000152197735298
k__Bacteria;p__Tenericutes;c__Mollicutes;o__Entomoplasmatales;f__Entomoplasmataceae	2.81618744544e-05	0.0	0.0	4.46388715293e-05	0.0	2.79782888479e-05	5.51298307514e-05	0.0	0.0	0.0	1.39287405633e-05	0.0	0.0	2.01592581393e-05	2.75999116803e-05	2.76617520954e-05	4.65343539868e-05	0.0	4.14524954402e-05	0.0	1.3878865264e-05	1.43903527075e-05	3.36066675628e-05	0.0	0.0	3.69017306912e-05	0.0	0.0	0.0	2.71480928465e-05	0.0	0.0	0.0	2.25575782184e-05	0.0	2.7283640729e-05	2.54614894971e-05	0.0	0.0	8.11468758453e-05	2.5117423957e-05	0.0	3.28947368421e-05	2.44690222179e-05	0.0	4.79409367659e-05	0.0	0.0	0.0	2.38726157225e-05	0.0	0.0	0.0	2.81888653982e-05	3.04395470595e-05
k__Bacteria;p__Tenericutes;c__Mollicutes;o__RF39;f__	0.0	0.0	0.0	2.23194357647e-05	0.0	0.0	0.0	0.0	0.0	0.0	1.39287405633e-05	0.0	0.0	0.0	1.37999558401e-05	2.76617520954e-05	0.0	0.0	0.0	0.0	0.0	1.43903527075e-05	0.0	0.0	0.0	0.0	0.0	2.91485702626e-05	0.0	0.0	0.0	0.0	0.0	0.0	0.0	0.0	0.0	0.0	0.0	0.0	0.0	0.0	0.0	0.0	2.59107633311e-05	2.3970468383e-05	0.0	0.0	0.0	0.0	0.0	0.0	0.0	0.0	0.0
k__Bacteria;p__Verrucomicrobia;c__Opitutae;o__Opitutales;f__Opitutaceae	2.81618744544e-05	0.0	2.69265980936e-05	4.46388715293e-05	2.87505031338e-05	5.59565776957e-05	5.51298307514e-05	0.0	1.93397412343e-05	5.09087206638e-05	4.17862216898e-05	0.0001665926255	1.80212650928e-05	2.01592581393e-05	4.13998675204e-05	0.0	9.30687079737e-05	0.0	4.14524954402e-05	3.53669319187e-05	1.3878865264e-05	4.31710581226e-05	3.36066675628e-05	3.91772771792e-05	0.0	3.69017306912e-05	7.08165144112e-05	0.0	5.63084199857e-05	0.000108592371386	6.26546787381e-05	7.08114997876e-05	0.0001101893683	0.0	3.12685657109e-05	0.0	2.54614894971e-05	2.7695460714e-05	0.0	5.40979172302e-05	2.5117423957e-05	0.0	0.0	2.44690222179e-05	5.18215266622e-05	0.0	6.12219909391e-05	4.87305686857e-05	0.0	2.38726157225e-05	9.28735062844e-05	7.25128105965e-05	3.67714653429e-05	2.81888653982e-05	0.000152197735298
k__Bacteria;p__Verrucomicrobia;c__Verrucomicrobiae;o__Verrucomicrobiales;f__Verrucomicrobiaceae	0.0	0.0	2.69265980936e-05	0.0	0.0	2.79782888479e-05	2.75649153757e-05	3.02069173841e-05	7.7358964937e-05	1.69695735546e-05	1.39287405633e-05	5.55308751666e-05	3.60425301856e-05	2.01592581393e-05	2.75999116803e-05	5.53235041908e-05	2.32671769934e-05	2.76977620208e-05	2.07262477201e-05	1.76834659593e-05	0.0	0.0	0.0	0.0	0.0	0.0	0.0	0.0	0.0	0.0	0.0	0.0	0.0	0.0	0.0	0.0	0.0	0.0	0.0	0.0	0.0	0.0	0.0	0.0	0.0	0.0	0.0	0.0	2.99958005879e-05	0.0	0.0	0.0	0.0	0.0	0.0
k__Bacteria;p__Verrucomicrobia;c__[Pedosphaerae];o__[Pedosphaerales];f__Ellin515	0.0	0.0	0.0	0.0	0.0	0.0	0.0	0.0	0.0	0.0	0.0	0.0	0.0	0.0	0.0	0.0	0.0	0.0	0.0	0.0	0.0	0.0	0.0	0.0	0.0	0.0	0.0	0.0	0.0	0.0	0.0	0.0	0.0	0.0	0.0	0.0	0.0	0.0	0.0	0.0	0.0	0.0	0.0	0.0	0.0	0.0	0.0	0.0	0.0	0.0	3.09578354281e-05	0.0	0.0	0.0	0.0
k__Bacteria;p__Verrucomicrobia;c__[Pedosphaerae];o__[Pedosphaerales];f__auto67_4W	0.0	0.0	0.0	0.0	0.0	0.0	0.0	0.0	0.0	0.0	0.0	0.0	0.0	0.0	1.37999558401e-05	0.0	0.0	0.0	0.0	0.0	0.0	0.0	0.0	0.0	0.0	0.0	0.0	0.0	0.0	0.0	0.0	0.0	0.0	0.0	0.0	0.0	0.0	0.0	0.0	0.0	0.0	0.0	0.0	0.0	0.0	0.0	0.0	0.0	0.0	0.0	0.0	0.0	0.0	0.0	0.0
k__Bacteria;p__Verrucomicrobia;c__[Spartobacteria];o__[Chthoniobacterales];f__[Chthoniobacteraceae]	0.0	0.0	0.0	0.0	0.0	0.0	0.0	0.0	0.0	0.0	0.0	0.0	0.0	0.0	0.0	0.0	0.0	0.0	0.0	0.0	0.0	0.0	0.0	0.0	0.0	0.0	0.0	0.0	0.0	0.0	0.0	0.0	0.0	0.0	0.0	0.0	0.0	0.0	1.7047972996e-05	0.0	0.0	0.0	0.0	0.0	0.0	0.0	0.0	0.0	0.0	0.0	0.0	0.0	0.0	0.0	0.0
k__Bacteria;p__WWE1;c__[Cloacamonae];o__[Cloacamonales];f__[Cloacamonaceae]	0.0	0.0	0.0	0.0	0.0	2.79782888479e-05	0.0	0.0	0.0	0.0	0.0	0.0	0.0	0.0	0.0	0.0	0.0	0.0	0.0	0.0	0.0	0.0	0.0	0.0	0.0	0.0	0.0	0.0	1.87694733286e-05	0.0	0.0	0.0	0.0	0.0	0.0	0.0	0.0	0.0	0.0	0.0	0.0	0.0	0.0	0.0	0.0	0.0	0.0	0.0	2.99958005879e-05	0.0	0.0	0.0	3.67714653429e-05	0.0	0.0
k__Bacteria;p__[Thermi];c__Deinococci;o__Thermales;f__Thermaceae	0.0	2.32531101035e-05	0.0	0.0	0.0	0.0	0.0	0.0	0.0	0.0	0.0	0.0	0.0	0.0	0.0	0.0	0.0	0.0	0.0	0.0	0.0	0.0	0.0	0.0	0.0	0.0	0.0	0.0	0.0	0.0	0.0	0.0	0.0	0.0	0.0	0.0	0.0	0.0	0.0	0.0	0.0	0.0	0.0	0.0	0.0	0.0	0.0	0.0	0.0	0.0	0.0	0.0	0.0	0.0	0.0
