Taxon	SC7493	SC7090	SC7285	SC7278	SC7494	SC7483	SC7288	SC7492	SC7482	SC7276	SC7291	SC7489	SC7289	SC7480	SC7290	SC7485	SC7277	SC7283	SC7294	SC7481	SC7281	SC7280	SC7293	SC7282	SC7477	SC7295	SC7484	B6donor	SC7279	SC1995	SC7496	SC1900	SC7292	SC7478	SC1993	SC7299	SC7576	SC7499	SC7287	SC7495	SC7296	SC7297	SC7498	SC7578	SC7490	SC7298	SC7491	SC7479	SC7488	SC7286	SC7497	SC7577	SC7476	SC7486	SC7487
k__Archaea;p__Crenarchaeota;c__Thaumarchaeota;o__Nitrososphaerales	0.0	0.0	0.0	0.0	0.0	0.0	0.0	0.0	0.0	0.0	0.0	0.0	0.0	0.0	0.0	0.0	0.0	0.0	0.0	0.0	0.0	0.0	1.68033337814e-05	0.0	0.0	0.0	0.0	0.0	0.0	0.0	0.0	0.0	0.0	0.0	0.0	0.0	0.0	0.0	0.0	0.0	0.0	0.0	0.0	0.0	0.0	0.0	0.0	0.0	0.0	0.0	0.0	0.0	0.0	0.0	0.0
k__Archaea;p__Euryarchaeota;c__Methanobacteria;o__Methanobacteriales	0.0	0.0	0.0	0.0	0.0	0.0	0.0	0.0	0.0	0.0	0.0	0.0	0.0	0.0	0.0	0.0	0.0	0.0	0.0	0.0	0.0	0.0	1.68033337814e-05	0.0	0.0	0.0	0.0	0.0	0.0	0.0	0.0	0.0	0.0	0.0	0.0	0.0	0.0	0.0	0.0	0.0	0.0	0.0	0.0	0.0	0.0	0.0	0.0	0.0	0.0	0.0	0.0	0.0	0.0	0.0	0.0
k__Bacteria;p__Acidobacteria;c__Acidobacteria-6;o__iii1-15	0.0	0.0	2.69265980936e-05	2.23194357647e-05	0.0	0.0	0.0	0.0	0.0	0.0	0.0	0.0	0.0	0.0	0.0	0.0	0.0	0.0	0.0	0.0	1.3878865264e-05	0.0	0.0	0.0	0.0	0.0	0.0	2.91485702626e-05	0.0	0.0	0.0	0.0	0.0	0.0	0.0	0.0	0.0	0.0	0.0	0.0	2.5117423957e-05	0.0	0.0	0.0	0.0	0.0	3.06109954696e-05	0.0	0.0	0.0	0.0	0.0	0.0	0.0	0.0
k__Bacteria;p__Acidobacteria;c__Acidobacteriia;o__Acidobacteriales	0.0	0.0	0.0	0.0	0.0	0.0	0.0	0.0	0.0	0.0	0.0	0.0	0.0	0.0	0.0	0.0	0.0	0.0	0.0	0.0	0.0	0.0	0.0	0.0	0.0	0.0	0.0	0.0	0.0	0.0	0.0	0.0	0.0	2.25575782184e-05	0.0	0.0	0.0	0.0	0.0	0.0	0.0	0.0	0.0	0.0	0.0	0.0	0.0	0.0	0.0	0.0	0.0	0.0	0.0	0.0	0.0
k__Bacteria;p__Acidobacteria;c__DA052;o__Ellin6513	0.0	0.0	0.0	0.0	0.0	0.0	0.0	0.0	0.0	0.0	0.0	0.0	0.0	0.0	0.0	0.0	0.0	0.0	0.0	0.0	0.0	0.0	0.0	3.91772771792e-05	0.0	0.0	0.0	0.0	0.0	0.0	0.0	0.0	0.0	0.0	0.0	0.0	0.0	0.0	0.0	0.0	0.0	0.0	0.0	0.0	0.0	0.0	0.0	0.0	5.99916011758e-05	0.0	0.0	0.0	0.0	0.0	0.0
k__Bacteria;p__Acidobacteria;c__Holophagae;o__Holophagales	0.0	0.0	0.0	0.0	2.87505031338e-05	0.0	0.0	0.0	0.0	0.0	0.0	2.77654375833e-05	0.0	0.0	1.37999558401e-05	0.0	0.0	0.0	0.0	0.0	0.0	0.0	0.0	0.0	0.0	0.0	0.0	2.91485702626e-05	0.0	0.0	3.13273393691e-05	0.0	0.0	2.25575782184e-05	0.0	0.0	2.54614894971e-05	0.0	0.0	0.0	0.0	0.0	0.0	0.0	2.59107633311e-05	0.0	0.0	2.43652843429e-05	0.0	0.0	0.0	0.0	0.0	0.0	0.0
k__Bacteria;p__Acidobacteria;c__Solibacteres;o__Solibacterales	2.81618744544e-05	0.0	0.0	0.0	0.0	0.0	0.0	0.0	0.0	0.0	0.0	0.0	0.0	0.0	0.0	0.0	0.0	0.0	0.0	0.0	0.0	0.0	0.0	0.0	0.0	0.0	0.0	0.0	0.0	0.0	0.0	0.0	0.0	0.0	0.0	0.0	0.0	0.0	0.0	2.70489586151e-05	0.0	0.0	0.0	0.0	2.59107633311e-05	0.0	0.0	0.0	0.0	0.0	0.0	0.0	0.0	0.0	0.0
k__Bacteria;p__Acidobacteria;c__[Chloracidobacteria];o__RB41	0.0	0.0	0.0	0.0	0.0	0.0	0.0	0.0	1.93397412343e-05	0.0	1.39287405633e-05	0.0	0.0	0.0	0.0	0.0	0.0	0.0	0.0	0.0	0.0	0.0	0.0	0.0	0.0	0.0	0.0	2.91485702626e-05	0.0	0.0	0.0	2.36038332625e-05	0.0	0.0	0.0	0.0	0.0	0.0	0.0	0.0	0.0	2.5235319353e-05	0.0	0.0	0.0	0.0	0.0	0.0	0.0	0.0	0.0	0.0	0.0	0.0	0.0
k__Bacteria;p__Actinobacteria;c__Acidimicrobiia;o__Acidimicrobiales	0.0	0.0	0.0	0.0	0.0	0.0	0.0	0.0	0.0	1.69695735546e-05	0.0	0.0	0.0	0.0	0.0	0.0	0.0	0.0	0.0	0.0	0.0	0.0	0.0	0.0	0.0	0.0	0.0	0.0	0.0	0.0	0.0	0.0	0.0	0.0	0.0	0.0	0.0	0.0	0.0	0.0	0.0	0.0	0.0	0.0	0.0	0.0	0.0	0.0	0.0	0.0	6.19156708563e-05	0.0	0.0	0.0	0.0
k__Bacteria;p__Actinobacteria;c__Actinobacteria;o__	0.0	0.0	0.0	0.0	0.0	0.0	0.0	0.0	0.0	0.0	0.0	0.0	1.80212650928e-05	0.0	0.0	0.0	0.0	0.0	0.0	0.0	0.0	0.0	0.0	0.0	0.0	0.0	0.0	0.0	0.0	0.0	0.0	0.0	0.0	0.0	0.0	0.0	0.0	0.0	0.0	0.0	0.0	0.0	0.0	0.0	0.0	0.0	0.0	0.0	0.0	0.0	0.0	0.0	0.0	0.0	0.0
k__Bacteria;p__Actinobacteria;c__Actinobacteria;o__Actinomycetales	5.63237489087e-05	4.6506220207e-05	0.000107706392374	0.000156236050353	8.62515094014e-05	8.39348665436e-05	8.26947461271e-05	6.04138347682e-05	0.0	0.000135756588437	2.78574811266e-05	8.32963127499e-05	0.000108127590557	0.000100796290697	4.13998675204e-05	8.29852562861e-05	4.65343539868e-05	0.000110791048083	8.29049908805e-05	3.53669319187e-05	5.55154610559e-05	0.000100732468953	6.72133351257e-05	3.91772771792e-05	2.56180350967e-05	7.38034613823e-05	0.000118027524019	8.74457107879e-05	1.87694733286e-05	0.0	3.13273393691e-05	4.7207666525e-05	6.29653533143e-05	2.25575782184e-05	3.12685657109e-05	0.000163701844374	2.54614894971e-05	0.000166172764284	1.7047972996e-05	5.40979172302e-05	5.0234847914e-05	7.57059580589e-05	3.28947368421e-05	0.0	5.18215266622e-05	0.000119852341915	3.06109954696e-05	7.30958530286e-05	8.99874017638e-05	7.16178471675e-05	0.0	2.41709368655e-05	0.0	0.000112755461593	9.13186411786e-05
k__Bacteria;p__Actinobacteria;c__Actinobacteria;o__Bifidobacteriales	5.63237489087e-05	9.30124404139e-05	2.69265980936e-05	6.6958307294e-05	0.0	2.79782888479e-05	5.51298307514e-05	6.04138347682e-05	1.93397412343e-05	8.48478677731e-05	2.78574811266e-05	5.55308751666e-05	5.40637952784e-05	2.01592581393e-05	1.37999558401e-05	8.29852562861e-05	9.30687079737e-05	0.000110791048083	4.14524954402e-05	1.76834659593e-05	8.32731915839e-05	4.31710581226e-05	6.72133351257e-05	0.0	5.12360701934e-05	3.69017306912e-05	2.36055048037e-05	5.82971405253e-05	1.87694733286e-05	0.000108592371386	0.0	2.36038332625e-05	0.0001101893683	0.0	0.0	5.4567281458e-05	0.0	2.7695460714e-05	0.000102287837976	5.40979172302e-05	2.5117423957e-05	0.000100941277412	6.57894736842e-05	4.89380444357e-05	5.18215266622e-05	2.3970468383e-05	6.12219909391e-05	2.43652843429e-05	0.00014997900294	4.7745231445e-05	0.0	2.41709368655e-05	7.35429306858e-05	8.45665961945e-05	3.04395470595e-05
k__Bacteria;p__Actinobacteria;c__Coriobacteriia;o__Coriobacteriales	0.000816694359177	0.000697593303104	0.00107706392374	0.00218730470494	0.00491633603588	0.00209837166359	0.00421743205248	0.0108140764235	0.00117972421529	0.000831509104176	0.00115608546675	0.00272101288316	0.00111731843575	0.00137082955347	0.000910797085449	0.0158778457027	0.00125642755764	0.00135719033902	0.000974133642845	0.000335985853227	0.000985399433742	0.000849030809745	0.00119303669848	7.83545543585e-05	0.000691686947611	3.69017306912e-05	0.00167599084106	0.00107849709972	0.00101355155974	0.00211755124203	0.000626546787381	0.00120379549639	0.000850032269744	0.000924860706955	0.00218879959976	0.00122776383281	0.00134945894335	0.00299110975711	0.00395512973507	0.000784419799838	0.00108004923015	0.000782294899942	0.00513157894737	0.00345013213272	0.00336839923304	0.00115058248238	0.00146932778254	0.00209541445349	0.00662907192993	0.00472677791306	0.00291003653025	0.00667117857488	0.000956058098915	0.00394644115574	0.00852307317667
k__Bacteria;p__Actinobacteria;c__MB-A2-108;o__0319-7L14	0.0	0.0	0.0	0.0	0.0	0.0	0.0	0.0	0.0	0.0	0.0	0.0	0.0	0.0	0.0	0.0	0.0	0.0	0.0	0.0	0.0	0.0	0.0	0.0	0.0	0.0	0.0	0.0	0.0	0.0	0.0	7.08114997876e-05	0.0	0.0	0.0	0.0	0.0	0.0	0.0	0.0	0.0	0.0	0.0	0.0	0.0	0.0	0.0	0.0	0.0	0.0	0.0	0.0	0.0	0.0	0.0
k__Bacteria;p__Actinobacteria;c__Thermoleophilia;o__Gaiellales	0.0	0.0	0.0	0.0	0.0	0.0	0.0	0.0	1.93397412343e-05	0.0	0.0	0.0	0.0	0.0	1.37999558401e-05	0.0	0.0	0.0	0.0	0.0	0.0	0.0	0.0	0.0	0.0	0.0	0.0	0.0	1.87694733286e-05	0.0	0.0	0.0	0.0	0.0	0.0	0.0	0.0	0.0	0.0	0.0	0.0	0.0	0.0	0.0	0.0	0.0	0.0	0.0	0.0	0.0	0.0	0.0	0.0	0.0	0.0
k__Bacteria;p__Actinobacteria;c__Thermoleophilia;o__Solirubrobacterales	0.0	2.32531101035e-05	0.0	0.0	0.0	0.0	0.0	0.0	0.0	0.0	0.0	0.0	0.0	0.0	0.0	0.0	0.0	0.0	0.0	0.0	0.0	0.0	0.0	0.0	0.0	0.0	0.0	0.0	0.0	0.0	0.0	0.0	0.0	0.0	0.0	0.0	0.0	0.0	0.0	0.0	0.0	0.0	0.0	0.0	0.0	0.0	0.0	2.43652843429e-05	0.0	0.0	0.0	0.0	0.0	0.0	0.0
k__Bacteria;p__Armatimonadetes;c__Armatimonadia;o__Armatimonadales	0.0	0.0	0.0	0.0	0.0	0.0	0.0	0.0	0.0	0.0	0.0	0.0	0.0	0.0	0.0	0.0	0.0	0.0	0.0	0.0	0.0	0.0	0.0	0.0	0.0	0.0	0.0	0.0	0.0	0.0	0.0	0.0	0.0	0.0	0.0	0.0	0.0	0.0	0.0	0.0	0.0	0.0	0.0	0.0	0.0	0.0	0.0	0.0	0.0	0.0	0.0	2.41709368655e-05	0.0	0.0	0.0
k__Bacteria;p__Bacteroidetes;c__Bacteroidia;o__Bacteroidales	0.351544678814	0.650738286246	0.392751359793	0.324100526739	0.406129607268	0.337725924682	0.655852031534	0.569551427277	0.315025044965	0.657554005668	0.387010056551	0.675616392714	0.500558659218	0.592178207842	0.446069772577	0.416005089762	0.496568091393	0.360763350321	0.400203117228	0.511564986737	0.417726086715	0.505835288023	0.44187726845	0.537473065622	0.625361854746	0.261448761947	0.476429903453	0.413122686332	0.507357633545	0.519017239039	0.382068230945	0.681961950621	0.490500102319	0.713248065688	0.68024764704	0.539533995416	0.368147676639	0.407344836181	0.619847250162	0.486854206113	0.414337025595	0.50740656623	0.403256578947	0.587452285407	0.675908172255	0.597056426483	0.707787437247	0.712294722479	0.55816185734	0.716035235981	0.356386601449	0.579014792613	0.626218054789	0.729584214235	0.478144405211
k__Bacteria;p__Bacteroidetes;c__Cytophagia;o__Cytophagales	0.0	0.0	0.0	0.0	0.0	0.0	0.0	0.0	0.0	0.0	0.0	0.0	1.80212650928e-05	0.0	0.0	0.0	0.0	0.0	0.0	0.0	0.0	1.43903527075e-05	0.0	0.0	0.0	0.0	2.36055048037e-05	0.0	0.0	0.0	0.0	2.36038332625e-05	0.0	0.0	0.0	0.0	0.0	0.0	1.7047972996e-05	0.0	0.0	0.0	0.0	0.0	0.0	0.0	0.0	0.0	0.0	0.0	0.0	0.0	0.0	0.0	0.0
k__Bacteria;p__Bacteroidetes;c__Flavobacteriia;o__Flavobacteriales	5.63237489087e-05	2.32531101035e-05	0.0	0.0	0.0	2.79782888479e-05	0.0	0.0	1.93397412343e-05	3.39391471092e-05	1.39287405633e-05	0.0	1.80212650928e-05	2.01592581393e-05	2.75999116803e-05	0.0	0.0	2.76977620208e-05	2.07262477201e-05	0.0	0.0	0.0	0.0	0.0	2.56180350967e-05	0.0	4.72110096074e-05	2.91485702626e-05	5.63084199857e-05	2.71480928465e-05	9.39820181072e-05	0.0	0.0	0.0	0.0	0.0	0.0	8.3086382142e-05	0.0	0.0	2.5117423957e-05	0.0	3.28947368421e-05	0.0	0.0	0.0	3.06109954696e-05	2.43652843429e-05	0.0	0.0	0.0	0.0	0.0	0.0	0.0
k__Bacteria;p__Bacteroidetes;c__Sphingobacteriia;o__Sphingobacteriales	0.0	0.0	0.0	0.0	0.0	0.0	0.0	0.0	0.0	1.69695735546e-05	1.39287405633e-05	0.0	1.80212650928e-05	0.0	1.37999558401e-05	0.0	0.0	0.0	0.0	0.0	0.0	0.0	0.0	0.0	0.0	0.0	0.0	0.0	0.0	0.0	3.13273393691e-05	4.7207666525e-05	0.0	2.25575782184e-05	0.0	0.0	2.54614894971e-05	0.0	0.0	0.0	0.0	0.0	3.28947368421e-05	0.0	5.18215266622e-05	0.0	0.0	2.43652843429e-05	0.0	0.0	0.0	0.0	0.0	0.0	0.0
k__Bacteria;p__Bacteroidetes;c__[Saprospirae];o__[Saprospirales]	0.0	0.0	0.0	0.0	0.0	0.0	0.0	0.0	0.0	0.0	0.0	0.0	0.0	0.0	0.0	2.76617520954e-05	0.0	5.53955240417e-05	0.0	0.0	1.3878865264e-05	0.0	0.0	0.0	0.0	0.0	0.0	0.0	0.0	0.0	0.0	0.0	0.0	0.0	0.0	0.0	0.0	0.0	0.0	2.70489586151e-05	0.0	0.0	0.0	0.0	5.18215266622e-05	0.0	0.0	2.43652843429e-05	0.0	0.0	0.0	0.0	3.67714653429e-05	0.0	0.0
k__Bacteria;p__Chlorobi;c__BSV26;o__VC38	0.0	0.0	0.0	0.0	0.0	0.0	0.0	0.0	0.0	0.0	0.0	0.0	0.0	0.0	0.0	0.0	0.0	0.0	0.0	0.0	0.0	0.0	0.0	0.0	0.0	0.0	0.0	0.0	0.0	0.0	0.0	0.0	0.0	0.0	0.0	0.0	0.0	0.0	0.0	0.0	0.0	2.5235319353e-05	0.0	0.0	0.0	0.0	0.0	0.0	0.0	0.0	0.0	0.0	0.0	0.0	0.0
k__Bacteria;p__Chlorobi;c__Ignavibacteria;o__Ignavibacteriales	0.0	0.0	0.0	0.0	0.0	0.0	0.0	0.0	0.0	0.0	0.0	0.0	0.0	0.0	0.0	0.0	0.0	0.0	0.0	0.0	0.0	0.0	0.0	0.0	0.0	0.0	0.0	0.0	0.0	0.0	0.0	0.0	0.0	0.0	0.0	0.0	0.0	0.0	0.0	2.70489586151e-05	0.0	0.0	0.0	0.0	0.0	0.0	0.0	0.0	0.0	0.0	0.0	0.0	0.0	2.81888653982e-05	0.0
k__Bacteria;p__Chloroflexi;c__Anaerolineae;o__Anaerolineales	2.81618744544e-05	0.0	0.0	0.0	0.0	0.0	0.0	0.0	0.0	0.0	0.0	0.0	0.0	0.0	0.0	0.0	0.0	0.0	0.0	0.0	0.0	0.0	1.68033337814e-05	0.0	0.0	0.0	0.0	0.0	0.0	2.71480928465e-05	0.0	2.36038332625e-05	0.0	0.0	0.0	0.0	0.0	0.0	0.0	0.0	0.0	0.0	3.28947368421e-05	0.0	0.0	0.0	0.0	0.0	0.0	0.0	0.0	0.0	0.0	0.0	0.0
k__Bacteria;p__Chloroflexi;c__Anaerolineae;o__SHA-20	0.0	0.0	0.0	0.0	0.0	0.0	0.0	0.0	0.0	0.0	0.0	0.0	0.0	0.0	0.0	0.0	0.0	0.0	0.0	0.0	0.0	0.0	0.0	0.0	0.0	0.0	0.0	0.0	0.0	0.0	0.0	0.0	0.0	0.0	0.0	0.0	0.0	0.0	0.0	0.0	0.0	0.0	3.28947368421e-05	0.0	0.0	0.0	0.0	0.0	2.99958005879e-05	0.0	0.0	0.0	0.0	0.0	0.0
k__Bacteria;p__Chloroflexi;c__Anaerolineae;o__WCHB1-50	0.0	0.0	0.0	0.0	0.0	0.0	0.0	3.02069173841e-05	0.0	0.0	0.0	0.0	0.0	0.0	0.0	0.0	0.0	0.0	0.0	0.0	0.0	0.0	0.0	0.0	0.0	0.0	0.0	0.0	0.0	0.0	0.0	0.0	0.0	0.0	0.0	0.0	0.0	0.0	0.0	0.0	0.0	0.0	0.0	0.0	0.0	0.0	0.0	0.0	0.0	0.0	0.0	0.0	0.0	0.0	0.0
k__Bacteria;p__Chloroflexi;c__Anaerolineae;o__envOPS12	0.0	0.0	0.0	0.0	0.0	0.0	0.0	0.0	0.0	0.0	0.0	0.0	0.0	0.0	0.0	2.76617520954e-05	0.0	0.0	0.0	0.0	1.3878865264e-05	0.0	0.0	0.0	0.0	0.0	0.0	0.0	0.0	2.71480928465e-05	0.0	0.0	0.0	0.0	0.0	0.0	0.0	0.0	0.0	0.0	0.0	0.0	0.0	0.0	0.0	0.0	0.0	0.0	0.0	0.0	0.0	0.0	3.67714653429e-05	0.0	0.0
k__Bacteria;p__Cyanobacteria;c__4C0d-2;o__MLE1-12	0.0	0.0	0.0	0.0	0.0	0.0	0.0	0.0	0.0	0.0	0.0	0.0	0.0	0.0	0.0	0.0	0.0	0.0	0.0	0.0	0.0	0.0	0.0	0.0	0.0	0.0	0.0	0.0	0.0	0.0	0.0	0.0	0.0	0.0	0.0	0.0	0.0	0.0	0.0	0.0	0.0	0.0	0.0	0.0	0.0	0.0	0.0	0.0	0.0	0.0	0.0	0.0	0.0	2.81888653982e-05	0.0
k__Bacteria;p__Cyanobacteria;c__Chloroplast;o__	0.0	0.0	0.0	0.0	0.0	0.0	0.0	0.0	0.0	0.0	0.0	0.0	0.0	0.0	0.0	0.0	0.0	0.0	0.0	0.0	0.0	0.0	0.0	0.0	0.0	0.0	0.0	2.91485702626e-05	0.0	0.0	0.0	0.0	0.0	0.0	0.0	0.0	0.0	0.0	0.0	0.0	0.0	0.0	0.0	0.0	0.0	0.0	0.0	0.0	0.0	0.0	0.0	0.0	0.0	0.0	0.0
k__Bacteria;p__Cyanobacteria;c__Chloroplast;o__Cryptophyta	0.0	0.0	0.0	0.0	0.0	0.0	0.0	0.0	0.0	0.0	0.0	0.0	0.0	0.0	0.0	0.0	0.0	0.0	0.0	0.0	0.0	0.0	0.0	0.0	0.0	0.0	0.0	2.91485702626e-05	0.0	0.0	0.0	0.0	0.0	0.0	0.0	0.0	0.0	0.0	0.0	0.0	0.0	0.0	0.0	0.0	0.0	0.0	0.0	0.0	0.0	0.0	0.0	0.0	0.0	0.0	0.0
k__Bacteria;p__Cyanobacteria;c__Chloroplast;o__Haptophyceae	0.0	0.0	0.0	0.0	0.0	0.0	0.0	0.0	0.0	0.0	0.0	0.0	0.0	0.0	0.0	0.0	0.0	0.0	0.0	0.0	0.0	0.0	0.0	0.0	2.56180350967e-05	0.0	0.0	0.0	0.0	0.0	0.0	0.0	0.0	0.0	0.0	0.0	0.0	0.0	0.0	0.0	0.0	2.5235319353e-05	0.0	0.0	0.0	0.0	0.0	0.0	0.0	0.0	0.0	0.0	0.0	0.0	0.0
k__Bacteria;p__Cyanobacteria;c__Chloroplast;o__Stramenopiles	0.0	2.32531101035e-05	0.0	2.23194357647e-05	0.0	0.0	0.0	0.0	0.0	0.0	1.39287405633e-05	0.0	1.80212650928e-05	0.0	2.75999116803e-05	2.76617520954e-05	0.0	0.0	0.0	0.0	0.0	0.0	0.0	0.0	0.0	0.0	0.0	0.0	0.0	0.0	0.0	0.0	0.0	0.0	0.0	0.0	0.0	2.7695460714e-05	0.0	0.0	0.0	0.0	0.0	0.0	0.0	0.0	0.0	0.0	0.0	0.0	0.0	0.0	0.0	0.0	0.0
k__Bacteria;p__Cyanobacteria;c__Chloroplast;o__Streptophyta	0.0	0.0	2.69265980936e-05	2.23194357647e-05	0.0	2.79782888479e-05	2.75649153757e-05	0.0	0.0	5.09087206638e-05	0.0	0.0	1.80212650928e-05	0.0	0.0	0.0	2.32671769934e-05	0.0	0.0	0.0	2.7757730528e-05	2.87807054151e-05	1.68033337814e-05	0.0	0.0	7.38034613823e-05	0.0	0.0	0.0	2.71480928465e-05	0.0	2.36038332625e-05	7.87066916429e-05	0.0	0.0	0.0	0.0	0.0	1.7047972996e-05	2.70489586151e-05	5.0234847914e-05	2.5235319353e-05	3.28947368421e-05	4.89380444357e-05	2.59107633311e-05	0.0	0.0	2.43652843429e-05	2.99958005879e-05	0.0	0.0	0.0	3.67714653429e-05	0.0	0.000121758188238
k__Bacteria;p__Cyanobacteria;c__Synechococcophycideae;o__Synechococcales	0.0	0.0	0.0	0.0	0.0	0.0	0.0	0.0	1.93397412343e-05	0.0	0.0	0.0	0.0	0.0	0.0	0.0	0.0	0.0	0.0	0.0	0.0	0.0	0.0	0.0	0.0	0.0	0.0	0.0	0.0	2.71480928465e-05	0.0	0.0	0.0	0.0	0.0	0.0	0.0	0.0	0.0	0.0	0.0	0.0	0.0	0.0	0.0	0.0	0.0	0.0	0.0	0.0	0.0	0.0	0.0	0.0	0.0
k__Bacteria;p__Deferribacteres;c__Deferribacteres;o__Deferribacterales	5.63237489087e-05	2.32531101035e-05	0.0	4.46388715293e-05	0.0	0.0	0.0	3.02069173841e-05	1.93397412343e-05	3.39391471092e-05	2.78574811266e-05	0.0	1.80212650928e-05	2.01592581393e-05	2.75999116803e-05	8.29852562861e-05	4.65343539868e-05	5.53955240417e-05	8.29049908805e-05	1.76834659593e-05	5.55154610559e-05	2.87807054151e-05	3.36066675628e-05	0.0	2.56180350967e-05	7.38034613823e-05	0.0	0.0	1.87694733286e-05	5.4296185693e-05	0.0	2.36038332625e-05	3.14826766572e-05	0.0	3.12685657109e-05	0.0	5.09229789943e-05	0.0	3.4095945992e-05	2.70489586151e-05	2.5117423957e-05	5.04706387059e-05	3.28947368421e-05	2.44690222179e-05	5.18215266622e-05	0.0	3.06109954696e-05	9.74611373715e-05	0.0	4.7745231445e-05	3.09578354281e-05	0.0	0.0	2.81888653982e-05	3.04395470595e-05
k__Bacteria;p__Elusimicrobia;c__Elusimicrobia;o__Elusimicrobiales	0.0	0.0	0.0	0.0	0.0	0.0	0.0	0.0	0.0	0.0	0.0	0.0	0.0	0.0	0.0	0.0	2.32671769934e-05	0.0	0.0	0.0	0.0	0.0	0.0	0.0	0.0	0.0	0.0	0.0	0.0	0.0	0.0	0.0	0.0	0.0	0.0	0.0	0.0	0.0	0.0	0.0	0.0	0.0	0.0	0.0	0.0	0.0	0.0	0.0	0.0	0.0	0.0	0.0	0.0	0.0	0.0
k__Bacteria;p__Elusimicrobia;c__Elusimicrobia;o__FAC88	0.0	0.0	0.0	0.0	0.0	0.0	0.0	0.0	0.0	0.0	0.0	0.0	0.0	0.0	0.0	0.0	0.0	0.0	0.0	0.0	0.0	0.0	1.68033337814e-05	0.0	0.0	0.0	0.0	0.0	0.0	0.0	0.0	0.0	0.0	0.0	0.0	0.0	2.54614894971e-05	0.0	0.0	0.0	0.0	0.0	0.0	0.0	2.59107633311e-05	0.0	0.0	0.0	2.99958005879e-05	0.0	0.0	0.0	0.0	0.0	0.0
k__Bacteria;p__FBP;c__;o__	0.0	0.0	0.0	0.0	0.0	0.0	0.0	0.0	0.0	0.0	0.0	0.0	0.0	0.0	0.0	0.0	0.0	0.0	0.0	0.0	0.0	0.0	0.0	0.0	0.0	0.0	0.0	0.0	0.0	0.0	0.0	0.0	0.0	0.0	0.0	0.0	0.0	0.0	0.0	0.0	2.5117423957e-05	0.0	0.0	0.0	0.0	0.0	0.0	0.0	0.0	0.0	0.0	0.0	0.0	0.0	0.0
k__Bacteria;p__Fibrobacteres;c__Fibrobacteria;o__258ds10	0.0	0.0	2.69265980936e-05	0.0	0.0	0.0	0.0	0.0	0.0	0.0	1.39287405633e-05	0.0	0.0	0.0	0.0	0.0	0.0	0.0	0.0	0.0	0.0	0.0	0.0	0.0	0.0	0.0	0.0	0.0	0.0	2.71480928465e-05	0.0	0.0	0.0	0.0	0.0	0.0	0.0	0.0	0.0	0.0	0.0	0.0	0.0	0.0	0.0	0.0	0.0	0.0	0.0	0.0	0.0	0.0	0.0	0.0	0.0
k__Bacteria;p__Firmicutes;c__Bacilli;o__Bacillales	0.000337942493452	0.000209277990931	0.000403898971404	0.000111597178823	0.00109251911908	2.79782888479e-05	0.000165389492254	0.000422896843377	0.0	0.000509087206638	0.0015182327214	0.000138827187916	0.00333393404217	0.000141114806975	0.00300839037315	0.000331941025145	0.000116335884967	0.000969421670729	0.000497429945283	0.000106100795756	0.00321989674124	0.00179879408844	0.00399919343998	0.0	0.000179326245677	0.000811838075206	2.36055048037e-05	0.000116594281051	1.87694733286e-05	0.000162888557079	0.000125309357476	0.000306849832413	0.00314826766572	0.00013534546931	0.000156342828554	0.000491105533122	0.000967536600891	0.000249259146426	0.000153431756964	0.000297538544766	0.000426996207269	0.000100941277412	0.00157894736842	0.00117451306646	0.000414572213297	0.000431468430893	0.000397942941104	0.000268018127772	0.000239966404703	0.000549070161618	0.00148597610055	0.000773469979696	7.35429306858e-05	5.63777307963e-05	0.000243516376476
k__Bacteria;p__Firmicutes;c__Bacilli;o__Gemellales	2.81618744544e-05	0.0	0.0	0.0	0.0	0.0	0.0	0.0	0.0	1.69695735546e-05	0.0	0.0	0.0	0.0	0.0	2.76617520954e-05	0.0	0.0	0.0	0.0	0.0	1.43903527075e-05	0.0	0.0	0.0	0.0	0.0	0.0	0.0	0.0	0.0	0.0	0.0	0.0	0.0	2.7283640729e-05	0.0	0.0	0.0	0.0	0.0	0.0	0.0	0.0	2.59107633311e-05	0.0	0.0	0.0	0.0	0.0	3.09578354281e-05	0.0	0.0	0.0	0.0
k__Bacteria;p__Firmicutes;c__Bacilli;o__Lactobacillales	0.0275704750908	0.0115335426113	0.0718401637137	0.0352423890724	0.0558909780921	0.0622516926865	0.0161254754948	0.0511705180486	0.00228208946564	0.0196168270291	0.0221884837173	0.0215182141271	0.00555054964859	0.0422336458018	0.00600298079046	0.0880750186717	0.00809697759371	0.0233215156215	0.00113994362461	0.0556852343059	0.021345694776	0.0162467082068	0.00149549670655	0.00101860920666	0.0629691302677	0.00402228864534	0.00101503670656	0.0423820211619	0.0404669844964	0.0148771548799	0.0231195764544	0.0119199357976	0.00698915421789	0.0240914935373	0.0324880397736	0.0604605478555	0.0631444939529	0.0795413631706	0.0159398547513	0.0239924262916	0.00115540150202	0.0440103969516	0.0499671052632	0.0203092884408	0.0143545628854	0.0642408552663	0.00872413370883	0.0524584571902	0.0381846541484	0.00718565733247	0.0569314593524	0.00732379387025	0.0618496047067	0.0231430584919	0.0777426031901
k__Bacteria;p__Firmicutes;c__Bacilli;o__Turicibacterales	0.0	4.6506220207e-05	0.0314233399752	4.46388715293e-05	2.87505031338e-05	5.59565776957e-05	0.0169799878714	0.00540703821175	7.7358964937e-05	6.78782942185e-05	0.00423433713124	0.00588627276766	0.000234276446207	2.01592581393e-05	0.000262199160963	0.024646621117	0.0	0.0457013073344	2.07262477201e-05	3.53669319187e-05	0.0783600732804	0.000690736929962	5.04100013443e-05	0.0	2.56180350967e-05	3.69017306912e-05	7.08165144112e-05	0.0178972221413	7.50778933143e-05	0.033772227501	3.13273393691e-05	0.000590095831563	0.00262880350087	0.0	0.0165723398268	2.7283640729e-05	0.000127307447486	0.000166172764284	0.00635889392751	2.70489586151e-05	5.0234847914e-05	2.5235319353e-05	6.57894736842e-05	2.44690222179e-05	0.00528579571954	0.0	0.00355087547447	7.30958530286e-05	0.0270262163297	4.7745231445e-05	6.19156708563e-05	4.8341873731e-05	3.67714653429e-05	0.0138125440451	0.0095580177767
k__Bacteria;p__Firmicutes;c__Clostridia;o__Clostridiales	0.59069531668	0.314079758168	0.423690021003	0.620078564414	0.405382094187	0.50923283532	0.178923865704	0.124724361879	0.613940085482	0.235283137335	0.491795971808	0.212266770324	0.403171742656	0.317609111985	0.438548796644	0.233437525933	0.48754042672	0.536228672723	0.453842646327	0.404367816092	0.424054849276	0.452461469831	0.466275709101	0.457238001959	0.270859485077	0.633528912506	0.411325921205	0.416591366193	0.428037839258	0.354581240668	0.547789856208	0.223858754662	0.367513025957	0.202679840292	0.236921922391	0.368547418968	0.476282622533	0.449414241006	0.226158409765	0.407600757371	0.471328460553	0.41380876675	0.433223684211	0.378291083488	0.156293724413	0.30032599837	0.207756826252	0.151064762926	0.195092687024	0.119363078613	0.537706643551	0.288673498985	0.268247839676	0.116701902748	0.257883842688
k__Bacteria;p__Firmicutes;c__Erysipelotrichi;o__Erysipelotrichales	0.00315412993889	0.00497616556214	0.0126824277021	0.00292384608517	0.00290380081651	0.00131497957585	0.0632890457026	0.180033227609	0.000502833272091	0.0239780074327	0.00846867426247	0.0445357618836	0.0040007208506	0.00165305916742	0.00738297637448	0.089043179995	0.00349007654901	0.00462552625748	0.00196899353341	0.00383731211317	0.000985399433742	0.00700810176857	0.00105861002823	0.00109696376102	0.0062508005636	0.00313664710875	0.000873403677738	0.0817034424461	0.00172679154623	0.0245418759332	0.00322671595501	0.0770429117689	0.00922442426055	0.00133089711489	0.00691035302211	0.00504747353487	0.0035900700191	0.00373888719639	0.0416481980293	0.0104408980254	0.0019842764926	0.00282635576753	0.00282894736842	0.00315650386611	0.115251075297	0.00800613643991	0.043804334517	0.00258272014034	0.045713600096	0.129628303373	0.00182651229026	0.00207870057043	0.00452289023718	0.0427343199436	0.05010349446
k__Bacteria;p__Fusobacteria;c__Fusobacteriia;o__Fusobacteriales	0.0	0.0	0.0	0.0	0.0	0.0	0.0	0.0	0.0	0.0	0.0	0.0	0.0	0.0	0.0	0.0	0.0	0.0	0.0	0.0	0.0	0.0	1.68033337814e-05	0.0	0.0	0.0	0.0	0.0	0.0	0.0	0.0	0.0	0.0	0.0	0.0	0.0	0.0	0.0	0.0	0.0	0.0	0.0	0.0	0.0	0.0	0.0	0.0	0.0	0.0	0.0	0.0	0.0	0.0	0.0	0.0
k__Bacteria;p__Gemmatimonadetes;c__Gemm-3;o__	0.0	0.0	0.0	0.0	0.0	0.0	0.0	0.0	0.0	0.0	0.0	0.0	0.0	0.0	0.0	0.0	0.0	0.0	0.0	0.0	0.0	0.0	0.0	0.0	0.0	0.0	0.0	0.0	0.0	0.0	0.0	2.36038332625e-05	0.0	0.0	0.0	0.0	0.0	0.0	0.0	0.0	0.0	0.0	0.0	0.0	0.0	0.0	0.0	0.0	0.0	0.0	0.0	2.41709368655e-05	0.0	0.0	0.0
k__Bacteria;p__Gemmatimonadetes;c__Gemmatimonadetes;o__KD8-87	0.0	0.0	0.0	0.0	0.0	0.0	0.0	0.0	0.0	0.0	0.0	0.0	0.0	0.0	0.0	0.0	0.0	0.0	0.0	0.0	0.0	0.0	0.0	0.0	0.0	0.0	0.0	0.0	0.0	0.0	0.0	0.0	0.0	0.0	0.0	0.0	0.0	0.0	0.0	0.0	0.0	0.0	0.0	0.0	0.0	0.0	0.0	0.0	0.0	2.38726157225e-05	0.0	0.0	0.0	0.0	0.0
k__Bacteria;p__OD1;c__SM2F11;o__	0.0	0.0	0.0	0.0	0.0	0.0	0.0	0.0	0.0	1.69695735546e-05	0.0	0.0	0.0	0.0	0.0	0.0	0.0	0.0	0.0	0.0	0.0	0.0	0.0	0.0	0.0	0.0	0.0	0.0	0.0	0.0	0.0	0.0	0.0	0.0	0.0	0.0	0.0	0.0	0.0	0.0	0.0	0.0	0.0	0.0	2.59107633311e-05	0.0	0.0	0.0	0.0	0.0	0.0	0.0	0.0	0.0	0.0
k__Bacteria;p__OP3;c__PBS-25;o__	0.0	0.0	0.0	0.0	0.0	0.0	0.0	0.0	0.0	0.0	0.0	0.0	0.0	0.0	0.0	0.0	0.0	0.0	0.0	0.0	0.0	1.43903527075e-05	0.0	0.0	0.0	0.0	0.0	0.0	0.0	0.0	0.0	0.0	0.0	0.0	0.0	0.0	0.0	0.0	0.0	0.0	0.0	0.0	0.0	0.0	0.0	0.0	0.0	0.0	0.0	0.0	0.0	2.41709368655e-05	0.0	0.0	0.0
k__Bacteria;p__OP3;c__koll11;o__	0.0	0.0	0.0	0.0	0.0	0.0	0.0	0.0	0.0	0.0	1.39287405633e-05	0.0	0.0	0.0	0.0	0.0	0.0	0.0	0.0	0.0	0.0	0.0	0.0	0.0	0.0	0.0	0.0	0.0	0.0	0.0	0.0	0.0	0.0	0.0	0.0	0.0	0.0	0.0	0.0	0.0	0.0	0.0	0.0	0.0	0.0	0.0	0.0	0.0	0.0	0.0	0.0	0.0	0.0	0.0	3.04395470595e-05
k__Bacteria;p__Planctomycetes;c__Planctomycetia;o__Gemmatales	0.0	0.0	0.0	0.0	0.0	0.0	0.0	0.0	0.0	0.0	0.0	0.0	0.0	2.01592581393e-05	0.0	0.0	0.0	0.0	0.0	0.0	0.0	0.0	0.0	0.0	0.0	0.0	0.0	0.0	0.0	2.71480928465e-05	0.0	0.0	0.0	0.0	0.0	0.0	0.0	0.0	0.0	0.0	0.0	0.0	0.0	0.0	0.0	0.0	3.06109954696e-05	0.0	0.0	0.0	0.0	0.0	0.0	0.0	0.0
k__Bacteria;p__Planctomycetes;c__Planctomycetia;o__Pirellulales	2.81618744544e-05	0.0	0.0	2.23194357647e-05	0.0	2.79782888479e-05	0.0	0.0	0.0	0.0	0.0	0.0	0.0	0.0	0.0	0.0	0.0	0.0	0.0	0.0	0.0	1.43903527075e-05	0.0	0.0	0.0	0.0	0.0	0.0	0.0	0.0	0.0	0.0	0.0	0.0	0.0	0.0	0.0	0.0	0.0	0.0	0.0	0.0	0.0	0.0	0.0	0.0	0.0	0.0	0.0	0.0	0.0	0.0	0.0	0.0	0.0
k__Bacteria;p__Proteobacteria;c__Alphaproteobacteria;o__	0.0	0.0	0.0	0.0	0.0	0.0	0.0	0.0	0.0	0.0	0.0	0.0	0.0	0.0	0.0	0.0	0.0	2.76977620208e-05	0.0	0.0	0.0	1.43903527075e-05	0.0	0.0	0.0	0.0	0.0	0.0	1.87694733286e-05	5.4296185693e-05	0.0	0.0	1.57413383286e-05	0.0	0.0	0.0	0.0	0.0	0.0	0.0	2.5117423957e-05	0.0	0.0	0.0	2.59107633311e-05	0.0	0.0	0.0	0.0	0.0	0.0	9.66837474621e-05	0.0	0.0	0.0
k__Bacteria;p__Proteobacteria;c__Alphaproteobacteria;o__Caulobacterales	0.0	0.0	0.0	2.23194357647e-05	2.87505031338e-05	8.39348665436e-05	0.0	0.0	0.0	1.69695735546e-05	2.78574811266e-05	0.0	0.0	0.0	0.0	0.0	0.0	0.0	2.07262477201e-05	0.0	0.0	1.43903527075e-05	0.0	0.0	0.0	0.0	2.36055048037e-05	0.0	1.87694733286e-05	0.0	0.0	0.0	4.72240149858e-05	0.0	0.0	0.0	0.0	0.0	0.0	0.0	2.5117423957e-05	0.0	0.0	2.44690222179e-05	0.0	0.0	0.0	0.0	0.0	0.0	0.0	0.0	0.0	0.0	0.0
k__Bacteria;p__Proteobacteria;c__Alphaproteobacteria;o__Rhizobiales	2.81618744544e-05	9.30124404139e-05	2.69265980936e-05	6.6958307294e-05	5.75010062676e-05	8.39348665436e-05	8.26947461271e-05	0.000120827669536	1.93397412343e-05	0.000152726161992	8.35724433797e-05	0.000111061750333	5.40637952784e-05	6.04777744179e-05	0.000124199602561	8.29852562861e-05	6.98015309802e-05	2.76977620208e-05	4.14524954402e-05	7.07338638373e-05	6.93943263199e-05	7.19517635377e-05	0.000134426670251	0.0	0.00015370821058	0.000110705192074	4.72110096074e-05	5.82971405253e-05	7.50778933143e-05	0.000352925207004	9.39820181072e-05	9.44153330501e-05	0.000173154721614	0.000180460625747	3.12685657109e-05	0.0	0.000101845957989	5.5390921428e-05	0.000119335810972	0.000162293751691	5.0234847914e-05	0.000151411916118	0.0	2.44690222179e-05	0.000103643053324	7.19114051489e-05	0.000153054977348	7.30958530286e-05	0.000119983202352	9.549046289e-05	3.09578354281e-05	4.8341873731e-05	0.0	0.000140944326991	0.000152197735298
k__Bacteria;p__Proteobacteria;c__Alphaproteobacteria;o__Rhodobacterales	0.0	0.0	2.69265980936e-05	4.46388715293e-05	5.75010062676e-05	0.0	0.0	0.0	0.0	0.0	0.0	0.0	0.0	0.0	0.0	2.76617520954e-05	0.0	0.0	0.0	0.0	0.0	0.0	0.0	0.0	2.56180350967e-05	0.0	0.0	0.0	0.0	2.71480928465e-05	0.0	0.0	1.57413383286e-05	0.0	6.25371314218e-05	0.0	2.54614894971e-05	0.0	0.0	0.0	0.0	5.04706387059e-05	0.0	0.0	0.0	0.0	0.0	0.0	0.0	0.0	0.0	0.0	0.0	5.63777307963e-05	0.0
k__Bacteria;p__Proteobacteria;c__Alphaproteobacteria;o__Rhodospirillales	0.0	0.0	0.0	0.0	0.0	2.79782888479e-05	0.0	0.0	0.0	0.0	1.39287405633e-05	0.0	0.0	0.0	1.37999558401e-05	0.0	0.0	0.0	0.0	0.0	1.3878865264e-05	1.43903527075e-05	0.0	3.91772771792e-05	0.0	0.0	0.0	0.0	1.87694733286e-05	0.0	0.0	0.0	0.0	0.0	3.12685657109e-05	0.0	0.0	0.0	0.0	0.0	0.0	2.5235319353e-05	0.0	0.0	0.0	0.0	0.0	0.0	0.0	0.0	0.0	0.0	0.0	0.0	0.0
k__Bacteria;p__Proteobacteria;c__Alphaproteobacteria;o__Rickettsiales	0.000394266242361	0.000255784211138	0.000188486186655	0.000379430407999	8.62515094014e-05	0.000195848021935	0.000220519323006	0.000302069173841	0.000348115342217	0.000373330618202	0.000278574811266	0.000499777876499	0.000252297711299	0.000221751839532	0.000386398763524	0.000470249785621	0.000186137415947	0.000387768668292	0.000310893715802	0.000176834659593	0.000374729362127	0.000259026348736	0.000218443339158	0.000391772771792	0.000179326245677	0.000664231152441	0.000330477067252	0.000466377124202	0.000150155786629	0.000515813764083	0.000250618714953	9.44153330501e-05	0.000299085428243	0.000248133360402	3.12685657109e-05	0.00027283640729	0.00035646085296	0.000387736449996	0.000289815540932	0.000405734379226	0.000175821967699	0.00025235319353	0.000328947368421	0.000318097288832	0.000414572213297	0.000287645620595	0.000306109954696	0.000243652843429	0.000209970604115	0.000238726157225	0.000247662683425	0.000241709368655	0.0002574002574	0.000253699788584	0.000365274564714
k__Bacteria;p__Proteobacteria;c__Alphaproteobacteria;o__Sphingomonadales	0.0	6.97593303104e-05	0.0	0.000111597178823	2.87505031338e-05	8.39348665436e-05	5.51298307514e-05	6.04138347682e-05	3.86794824685e-05	0.000203634882655	0.000139287405633	2.77654375833e-05	0.000108127590557	6.04777744179e-05	6.89997792007e-05	0.0	2.32671769934e-05	8.30932860625e-05	8.29049908805e-05	1.76834659593e-05	0.000124909787376	4.31710581226e-05	1.68033337814e-05	0.000117531831538	2.56180350967e-05	3.69017306912e-05	7.08165144112e-05	8.74457107879e-05	3.75389466572e-05	5.4296185693e-05	0.0	7.08114997876e-05	0.0001101893683	6.76727346552e-05	3.12685657109e-05	0.000136418203645	0.000101845957989	5.5390921428e-05	1.7047972996e-05	5.40979172302e-05	5.0234847914e-05	0.000100941277412	9.86842105263e-05	4.89380444357e-05	5.18215266622e-05	0.000143822810298	0.000153054977348	7.30958530286e-05	2.99958005879e-05	4.7745231445e-05	6.19156708563e-05	4.8341873731e-05	0.0	0.000112755461593	9.13186411786e-05
k__Bacteria;p__Proteobacteria;c__Betaproteobacteria;o__	0.0	0.0	0.0	0.0	0.0	0.0	0.0	0.0	0.0	0.0	0.0	0.0	0.0	0.0	1.37999558401e-05	0.0	0.0	0.0	0.0	0.0	1.3878865264e-05	0.0	0.0	0.0	0.0	0.0	0.0	0.0	0.0	0.0	3.13273393691e-05	0.0	0.0	0.0	0.0	0.0	0.0	0.0	0.0	0.0	0.0	0.0	0.0	0.0	0.0	0.0	0.0	0.0	0.0	0.0	0.0	0.0	0.0	0.0	0.0
k__Bacteria;p__Proteobacteria;c__Betaproteobacteria;o__Burkholderiales	0.000281618744544	0.000209277990931	0.000161559588562	0.000200874921882	0.00023000402507	0.000195848021935	0.000110259661503	0.000120827669536	9.66987061713e-05	0.000373330618202	0.000167144886759	0.000194358063083	0.000108127590557	0.000120955548836	0.000179399425922	0.000193632264668	0.000162870238954	0.000304675382229	0.000207262477201	0.000106100795756	0.000152667517904	0.000172684232491	6.72133351257e-05	0.000195886385896	0.000128090175484	0.000184508653456	0.000165238533626	0.000262337132364	0.0001313863133	0.000434369485544	3.13273393691e-05	0.000165226832838	0.000141672044957	9.02303128736e-05	9.38056971327e-05	0.000163701844374	0.000229153405474	0.000166172764284	6.8191891984e-05	0.000297538544766	0.000125587119785	0.000100941277412	0.000164473684211	0.000122345111089	0.000207286106649	0.000167793278681	9.18329864087e-05	0.000219287559086	8.99874017638e-05	9.549046289e-05	9.28735062844e-05	0.000145025621193	0.000183857326714	0.000225510923185	0.000273955923536
k__Bacteria;p__Proteobacteria;c__Betaproteobacteria;o__Hydrogenophilales	0.0	0.0	0.0	0.0	2.87505031338e-05	0.0	0.0	0.0	0.0	0.0	0.0	0.0	0.0	0.0	0.0	0.0	0.0	0.0	0.0	0.0	0.0	0.0	0.0	0.0	0.0	0.0	0.0	0.0	0.0	0.0	0.0	0.0	0.0	0.0	0.0	0.0	0.0	0.0	0.0	0.0	0.0	0.0	0.0	0.0	0.0	0.0	0.0	0.0	0.0	0.0	0.0	0.0	0.0	0.0	0.0
k__Bacteria;p__Proteobacteria;c__Betaproteobacteria;o__Methylophilales	2.81618744544e-05	2.32531101035e-05	0.0	2.23194357647e-05	0.0	2.79782888479e-05	0.0	0.0	1.93397412343e-05	3.39391471092e-05	0.0	2.77654375833e-05	0.0	2.01592581393e-05	2.75999116803e-05	2.76617520954e-05	2.32671769934e-05	0.0	0.0	3.53669319187e-05	0.0	0.0	0.0	3.91772771792e-05	0.0	0.0	0.0	2.91485702626e-05	0.0	2.71480928465e-05	0.0	0.0	1.57413383286e-05	0.0	0.0	0.0	0.0	0.0	0.0	5.40979172302e-05	0.0	0.0	0.0	4.89380444357e-05	0.0	0.0	6.12219909391e-05	0.0	2.99958005879e-05	2.38726157225e-05	0.0	0.0	0.0	2.81888653982e-05	0.0
k__Bacteria;p__Proteobacteria;c__Betaproteobacteria;o__Neisseriales	0.0	4.6506220207e-05	0.0	0.0	0.0	0.0	2.75649153757e-05	0.0	0.0	1.69695735546e-05	1.39287405633e-05	0.0	0.0	0.0	0.0	2.76617520954e-05	0.0	0.0	0.0	0.0	1.3878865264e-05	0.0	0.0	0.0	0.0	0.0	0.0	0.0	0.0	0.0	0.0	0.0	0.0	0.0	0.0	0.0	0.0	0.0	0.0	0.0	0.0	0.0	0.0	0.0	0.0	0.0	0.0	0.0	0.0	0.0	0.0	0.0	3.67714653429e-05	0.0	0.0
k__Bacteria;p__Proteobacteria;c__Betaproteobacteria;o__Procabacteriales	0.0	0.0	0.0	0.0	0.0	0.0	2.75649153757e-05	0.0	1.93397412343e-05	1.69695735546e-05	0.0	0.0	1.80212650928e-05	0.0	1.37999558401e-05	0.0	0.0	0.0	0.0	0.0	0.0	0.0	0.0	0.0	0.0	0.0	0.0	0.0	0.0	0.0	3.13273393691e-05	0.0	1.57413383286e-05	0.0	0.0	0.0	0.0	0.0	0.0	0.0	0.0	0.0	0.0	0.0	0.0	0.0	3.06109954696e-05	0.0	0.0	0.0	0.0	0.0	0.0	0.0	0.0
k__Bacteria;p__Proteobacteria;c__Betaproteobacteria;o__Rhodocyclales	2.81618744544e-05	2.32531101035e-05	2.69265980936e-05	0.0	2.87505031338e-05	0.0	2.75649153757e-05	3.02069173841e-05	1.93397412343e-05	1.69695735546e-05	4.17862216898e-05	0.0	0.0	0.0	1.37999558401e-05	5.53235041908e-05	6.98015309802e-05	0.0	0.0	3.53669319187e-05	1.3878865264e-05	0.0	1.68033337814e-05	0.0	5.12360701934e-05	3.69017306912e-05	0.0	2.91485702626e-05	1.87694733286e-05	5.4296185693e-05	0.0	2.36038332625e-05	3.14826766572e-05	4.51151564368e-05	3.12685657109e-05	2.7283640729e-05	0.0	2.7695460714e-05	1.7047972996e-05	0.0	5.0234847914e-05	0.0	0.0	2.44690222179e-05	0.0	0.0	0.0	4.87305686857e-05	0.0	2.38726157225e-05	3.09578354281e-05	0.0	3.67714653429e-05	0.0	0.0
k__Bacteria;p__Proteobacteria;c__Betaproteobacteria;o__SBla14	0.0	0.0	0.0	0.0	0.0	0.0	0.0	0.0	0.0	0.0	1.39287405633e-05	0.0	0.0	0.0	0.0	0.0	0.0	0.0	0.0	0.0	0.0	0.0	0.0	0.0	0.0	0.0	0.0	0.0	0.0	0.0	0.0	0.0	0.0	0.0	0.0	0.0	0.0	0.0	0.0	0.0	0.0	0.0	0.0	0.0	0.0	0.0	0.0	0.0	0.0	0.0	0.0	0.0	0.0	0.0	0.0
k__Bacteria;p__Proteobacteria;c__Deltaproteobacteria;o__	0.0	2.32531101035e-05	0.0	0.0	0.0	0.0	0.0	0.0	0.0	0.0	1.39287405633e-05	0.0	0.0	0.0	1.37999558401e-05	0.0	0.0	0.0	0.0	0.0	0.0	0.0	0.0	0.0	0.0	0.0	0.0	0.0	0.0	0.0	0.0	0.0	0.0	0.0	0.0	2.7283640729e-05	0.0	0.0	0.0	0.0	0.0	0.0	0.0	0.0	0.0	0.0	0.0	0.0	0.0	0.0	0.0	0.0	0.0	0.0	0.0
k__Bacteria;p__Proteobacteria;c__Deltaproteobacteria;o__Bdellovibrionales	0.0	0.0	0.0	0.0	0.0	0.0	0.0	0.0	1.93397412343e-05	0.0	0.0	0.0	0.0	0.0	0.0	0.0	0.0	0.0	0.0	0.0	0.0	0.0	0.0	0.0	0.0	3.69017306912e-05	0.0	0.0	0.0	2.71480928465e-05	0.0	0.0	0.0	0.0	0.0	0.0	0.0	0.0	0.0	0.0	0.0	0.0	0.0	0.0	0.0	0.0	0.0	0.0	0.0	0.0	0.0	0.0	0.0	0.0	0.0
k__Bacteria;p__Proteobacteria;c__Deltaproteobacteria;o__Desulfobacterales	0.0	0.0	0.0	0.0	0.0	0.0	0.0	3.02069173841e-05	0.0	0.0	0.0	0.0	0.0	0.0	0.0	0.0	0.0	0.0	0.0	0.0	0.0	2.87807054151e-05	0.0	0.0	2.56180350967e-05	0.0	0.0	0.0	1.87694733286e-05	0.0	0.0	0.0	0.0	0.0	0.0	0.0	0.0	0.0	0.0	0.0	0.0	2.5235319353e-05	0.0	0.0	0.0	0.0	0.0	0.0	0.0	2.38726157225e-05	0.0	2.41709368655e-05	0.0	2.81888653982e-05	0.0
k__Bacteria;p__Proteobacteria;c__Deltaproteobacteria;o__Desulfovibrionales	0.0194880171224	0.010115102895	0.0633852119123	6.6958307294e-05	0.117790811339	0.0794863186168	0.0616075858647	0.055761969491	0.0572456340534	0.0556941404063	0.0701451374767	0.0337072412261	0.072030996576	0.034008668481	0.0588430117024	0.128544161987	0.000442076362875	0.0210502991358	0.124502570055	0.0138284703802	0.034752678621	0.0108934969996	0.0697002285253	0.000156709108717	0.0292045600102	0.0879737259677	0.101857753228	0.023756084764	0.0189759375352	0.0456359440749	0.038532627424	7.08114997876e-05	0.0856801045225	0.0525591572489	0.0222006816547	0.0213630906908	0.0814513049013	0.0496302655995	0.0837055474104	0.0631322694076	0.102127445809	0.0276831453302	0.0989802631579	0.00102769893315	0.0251593511945	0.0243060549403	0.0243357413983	0.0718288582428	0.124632551443	0.0203633412113	0.0392854931583	0.108841728705	0.0354844640559	0.0668076109937	0.112717642761
k__Bacteria;p__Proteobacteria;c__Deltaproteobacteria;o__Desulfuromonadales	2.81618744544e-05	0.0	0.0	0.0	0.0	2.79782888479e-05	0.0	3.02069173841e-05	1.93397412343e-05	0.0	0.0	5.55308751666e-05	0.0	0.0	0.0	0.0	0.0	0.0	0.0	0.0	0.0	1.43903527075e-05	0.0	0.0	0.0	3.69017306912e-05	0.0	2.91485702626e-05	0.0	0.0	0.0	2.36038332625e-05	0.0	0.0	3.12685657109e-05	2.7283640729e-05	0.0	2.7695460714e-05	0.0	0.0	0.0	2.5235319353e-05	0.0	0.0	0.0	0.0	0.0	0.0	0.0	0.0	0.0	0.0	0.0	0.0	3.04395470595e-05
k__Bacteria;p__Proteobacteria;c__Deltaproteobacteria;o__Myxococcales	0.0	0.0	0.0	0.0	2.87505031338e-05	0.0	0.0	3.02069173841e-05	3.86794824685e-05	1.69695735546e-05	0.0	0.0	1.80212650928e-05	0.0	1.37999558401e-05	5.53235041908e-05	0.0	0.0	0.0	0.0	2.7757730528e-05	0.0	1.68033337814e-05	0.0	0.0	0.0	2.36055048037e-05	0.0	1.87694733286e-05	0.0	0.0	0.0	1.57413383286e-05	0.0	0.0	0.0	0.0	2.7695460714e-05	0.0	0.0	0.0	0.0	0.0	0.0	2.59107633311e-05	0.0	0.0	0.0	0.0	0.0	0.0	2.41709368655e-05	0.0	0.0	0.0
k__Bacteria;p__Proteobacteria;c__Deltaproteobacteria;o__Syntrophobacterales	0.0	0.0	0.0	0.0	0.0	2.79782888479e-05	0.0	0.0	0.0	0.0	0.0	0.0	0.0	0.0	0.0	0.0	0.0	0.0	0.0	0.0	0.0	1.43903527075e-05	0.0	0.0	0.0	0.0	0.0	0.0	0.0	0.0	0.0	0.0	1.57413383286e-05	0.0	0.0	0.0	0.0	0.0	0.0	0.0	0.0	0.0	0.0	0.0	0.0	0.0	0.0	0.0	0.0	0.0	0.0	0.0	0.0	0.0	0.0
k__Bacteria;p__Proteobacteria;c__Epsilonproteobacteria;o__Campylobacterales	0.0	0.0	0.0	0.0	5.75010062676e-05	0.0	0.0	0.0	0.0	0.0	2.78574811266e-05	0.0	0.0	0.0	0.0	5.53235041908e-05	0.0	0.0	2.07262477201e-05	0.0	0.0	0.0	0.0	3.91772771792e-05	0.0	0.0	2.36055048037e-05	0.0	0.0	0.0	0.0	0.0	0.0	2.25575782184e-05	0.0	0.0	0.0	0.0	0.0	0.0	0.0	2.5235319353e-05	0.0	0.0	0.0	4.79409367659e-05	0.0	0.0	0.0	2.38726157225e-05	0.0	2.41709368655e-05	0.0	0.0	0.0
k__Bacteria;p__Proteobacteria;c__Gammaproteobacteria;o__	0.0	0.0	0.0	0.0	0.0	0.0	0.0	0.0	0.0	0.0	0.0	0.0	0.0	0.0	0.0	0.0	0.0	0.0	0.0	0.0	0.0	0.0	0.0	0.0	0.0	0.0	0.0	0.0	0.0	0.0	0.0	0.0	0.0	0.0	0.0	0.0	0.0	0.0	0.0	0.0	0.0	0.0	0.0	0.0	0.0	0.0	3.06109954696e-05	0.0	0.0	0.0	0.0	0.0	0.0	0.0	0.0
k__Bacteria;p__Proteobacteria;c__Gammaproteobacteria;o__Aeromonadales	0.0	0.0	0.0	0.0	0.0	0.0	0.0	0.0	0.0	0.0	0.0	0.0	0.0	0.0	0.0	0.0	0.0	0.0	0.0	0.0	0.0	0.0	0.0	0.0	0.0	0.0	0.0	0.0	0.0	0.0	0.0	0.0	0.0	0.0	0.0	0.0	0.0	0.0	0.0	0.0	0.0	0.0	3.28947368421e-05	0.0	0.0	0.0	0.0	0.0	0.0	0.0	0.0	0.0	0.0	0.0	0.0
k__Bacteria;p__Proteobacteria;c__Gammaproteobacteria;o__Alteromonadales	0.0	0.0	0.0	0.0	0.0	2.79782888479e-05	0.0	0.0	0.0	0.0	1.39287405633e-05	0.0	0.0	0.0	0.0	0.0	0.0	0.0	0.0	0.0	0.0	0.0	0.0	0.0	0.0	0.0	0.0	0.0	0.0	0.0	0.0	0.0	0.0	0.0	0.0	0.0	0.0	0.0	0.0	0.0	0.0	0.0	0.0	0.0	0.0	0.0	0.0	2.43652843429e-05	0.0	0.0	0.0	0.0	0.0	0.0	0.0
k__Bacteria;p__Proteobacteria;c__Gammaproteobacteria;o__Chromatiales	2.81618744544e-05	0.0	0.0	0.0	2.87505031338e-05	0.0	0.0	0.0	0.0	0.0	0.0	0.0	0.0	0.0	0.0	0.0	0.0	0.0	0.0	0.0	0.0	0.0	0.0	0.0	0.0	0.0	0.0	0.0	0.0	0.0	0.0	0.0	0.0	0.0	0.0	0.0	0.0	0.0	0.0	0.0	0.0	0.0	0.0	0.0	0.0	0.0	0.0	0.0	0.0	0.0	0.0	0.0	0.0	0.0	0.0
k__Bacteria;p__Proteobacteria;c__Gammaproteobacteria;o__Enterobacteriales	0.00354839618125	0.00485990001163	0.000403898971404	0.00392822069458	0.00330630786039	0.00372111241676	0.000165389492254	0.000302069173841	0.00572456340534	0.00230786200343	0.00883082151712	0.000527543314083	0.00724454856731	0.00880959580687	0.0340168911459	0.000857514314957	0.000372274831895	0.00121870152892	0.00362709335102	0.0085234305924	0.00902126242158	0.000964153631406	0.0108213469552	0.000587659157689	0.00245933136928	0.00424369902948	0.00354082572056	0.000262337132364	0.000300311573257	0.000488665671237	0.00253751448889	0.000755322664401	0.0298770601477	0.00293248516839	0.000531565617085	0.00128233111426	0.00244430299173	0.00454205555709	0.00017047972996	0.00324587503381	0.00369226132168	0.000757059580589	0.00286184210526	0.0023245571107	0.000595947556615	0.00218131262285	0.000214276968287	0.00470249987817	0.00236966824645	9.549046289e-05	0.00173363878398	0.00389152083535	0.000919286633572	0.000507399577167	0.00176549372945
k__Bacteria;p__Proteobacteria;c__Gammaproteobacteria;o__Legionellales	0.0	0.0	0.0	0.0	2.87505031338e-05	2.79782888479e-05	0.0	0.0	0.0	0.0	0.0	0.0	0.0	0.0	0.0	0.0	0.0	0.0	0.0	1.76834659593e-05	0.0	0.0	1.68033337814e-05	0.0	0.0	0.0	0.0	0.0	0.0	2.71480928465e-05	0.0	0.0	0.0	0.0	0.0	0.0	0.0	0.0	0.0	0.0	0.0	0.0	0.0	0.0	0.0	0.0	0.0	0.0	2.99958005879e-05	0.0	0.0	0.0	0.0	0.0	0.0
k__Bacteria;p__Proteobacteria;c__Gammaproteobacteria;o__Methylococcales	0.0	0.0	0.0	2.23194357647e-05	0.0	0.0	0.0	0.0	0.0	1.69695735546e-05	0.0	0.0	0.0	0.0	1.37999558401e-05	0.0	0.0	0.0	0.0	0.0	1.3878865264e-05	0.0	1.68033337814e-05	0.0	0.0	0.0	0.0	0.0	0.0	0.0	0.0	0.0	1.57413383286e-05	0.0	0.0	5.4567281458e-05	0.0	0.0	0.0	2.70489586151e-05	2.5117423957e-05	0.0	0.0	0.0	0.0	0.0	0.0	2.43652843429e-05	0.0	0.0	0.0	0.0	0.0	0.0	0.0
k__Bacteria;p__Proteobacteria;c__Gammaproteobacteria;o__Oceanospirillales	0.0	0.0	0.0	0.0	0.0	0.0	0.0	0.0	0.0	0.0	1.39287405633e-05	0.0	0.0	0.0	0.0	0.0	0.0	0.0	0.0	0.0	0.0	0.0	0.0	0.0	0.0	0.0	0.0	0.0	0.0	0.0	0.0	0.0	1.57413383286e-05	0.0	0.0	0.0	0.0	0.0	0.0	0.0	0.0	0.0	0.0	0.0	0.0	0.0	0.0	0.0	0.0	0.0	0.0	0.0	0.0	0.0	0.0
k__Bacteria;p__Proteobacteria;c__Gammaproteobacteria;o__Pasteurellales	2.81618744544e-05	0.0	0.0	0.0	5.75010062676e-05	2.79782888479e-05	0.0	0.0	1.93397412343e-05	1.69695735546e-05	1.39287405633e-05	0.0	5.40637952784e-05	0.0	1.37999558401e-05	2.76617520954e-05	0.0	2.76977620208e-05	2.07262477201e-05	0.0	0.0	0.0	1.68033337814e-05	0.0	0.0	3.69017306912e-05	0.0	0.0	0.0	5.4296185693e-05	3.13273393691e-05	0.0	0.0	0.0	0.0	0.0	0.0	0.0	1.7047972996e-05	2.70489586151e-05	0.0	0.0	0.0	0.0	5.18215266622e-05	4.79409367659e-05	0.0	2.43652843429e-05	5.99916011758e-05	0.0	3.09578354281e-05	4.8341873731e-05	0.0	0.0	0.0
k__Bacteria;p__Proteobacteria;c__Gammaproteobacteria;o__Pseudomonadales	0.000957503731448	0.00106964306476	0.000753944746621	0.000624944201411	0.00117877062849	0.00078339208774	0.00124042119191	0.000573931430298	0.000812269131839	0.00181574437034	0.000821795693233	0.00105508662817	0.000828978194269	0.000947485132547	0.00120059615809	0.00124477884429	0.000791084017776	0.00108021271881	0.00101558613829	0.000671971706454	0.00111030922112	0.0011512282166	0.000739346686383	0.000940254652302	0.000845395158191	0.00136536403557	0.000708165144112	0.00122423995103	0.000938473666429	0.00195466268495	0.000845838162965	0.000873341830713	0.000881514946401	0.000902303128736	0.00103186266846	0.000709374658954	0.000942075111394	0.000609300135708	0.000818302703809	0.00127130105491	0.000728405294753	0.00116082469024	0.000756578947368	0.00117451306646	0.00129553816655	0.00105470060885	0.000642830904861	0.00104770722674	0.00056992021117	0.000692305855953	0.000619156708563	0.000845982790293	0.000698657841515	0.00112755461593	0.00133934007062
k__Bacteria;p__Proteobacteria;c__Gammaproteobacteria;o__Vibrionales	0.000140809372272	0.000116265550517	0.000107706392374	4.46388715293e-05	5.75010062676e-05	0.000139891444239	5.51298307514e-05	0.0	5.80192237028e-05	0.000186665309101	0.00012535866507	2.77654375833e-05	7.20850603712e-05	0.000100796290697	5.51998233606e-05	5.53235041908e-05	6.98015309802e-05	0.000110791048083	6.21787431603e-05	7.07338638373e-05	2.7757730528e-05	5.75614108302e-05	0.00011762333647	0.000117531831538	7.68541052901e-05	0.000110705192074	4.72110096074e-05	0.000116594281051	5.63084199857e-05	0.000135740464232	9.39820181072e-05	7.08114997876e-05	0.0001101893683	4.51151564368e-05	3.12685657109e-05	8.18509221871e-05	0.000101845957989	2.7695460714e-05	3.4095945992e-05	8.11468758453e-05	2.5117423957e-05	7.57059580589e-05	9.86842105263e-05	7.34070666536e-05	0.000155464579987	2.3970468383e-05	9.18329864087e-05	4.87305686857e-05	5.99916011758e-05	0.000143235694335	6.19156708563e-05	7.25128105965e-05	3.67714653429e-05	8.45665961945e-05	9.13186411786e-05
k__Bacteria;p__Proteobacteria;c__Gammaproteobacteria;o__Xanthomonadales	0.000253456870089	0.000186024880828	0.000215412784749	0.000245513793411	0.000172503018803	0.000279782888479	8.26947461271e-05	0.000181241504304	0.000154717929874	0.000305452323983	0.000292503551829	0.000222123500666	0.000144170120742	6.04777744179e-05	0.000344998896004	0.000276617520954	0.000162870238954	0.000221582096167	0.000207262477201	0.000176834659593	0.000222061844224	0.000129513174368	0.000151230004033	0.000117531831538	0.000204944280774	0.000184508653456	0.000259660552841	0.000262337132364	0.000150155786629	0.000162888557079	0.000125309357476	0.0003776613322	0.000283344089915	0.000225575782184	0.000156342828554	0.000163701844374	0.00017823042648	0.000193868224998	0.000187527702956	0.000162293751691	0.000175821967699	0.000176647235471	0.000263157894737	0.000195752177743	0.000440482976628	0.000119852341915	3.06109954696e-05	0.0001705569904	0.000269962205291	7.16178471675e-05	6.19156708563e-05	9.66837474621e-05	0.000183857326714	0.000169133192389	0.000304395470595
k__Bacteria;p__Proteobacteria;c__Zetaproteobacteria;o__Mariprofundales	0.0	0.0	0.0	0.0	0.0	0.0	2.75649153757e-05	0.0	0.0	0.0	0.0	0.0	0.0	0.0	0.0	0.0	0.0	0.0	0.0	0.0	0.0	0.0	0.0	0.0	0.0	0.0	0.0	0.0	1.87694733286e-05	0.0	0.0	0.0	0.0	0.0	0.0	0.0	0.0	0.0	0.0	0.0	0.0	0.0	0.0	0.0	0.0	0.0	0.0	0.0	0.0	0.0	0.0	0.0	0.0	0.0	0.0
k__Bacteria;p__Spirochaetes;c__Spirochaetes;o__Spirochaetales	0.0	0.0	0.0	0.0	0.0	0.0	2.75649153757e-05	0.0	0.0	0.0	0.0	0.0	0.0	0.0	0.0	0.0	0.0	0.0	0.0	0.0	0.0	0.0	0.0	0.0	0.0	0.0	0.0	0.0	0.0	0.0	0.0	0.0	0.0	0.0	0.0	0.0	0.0	0.0	0.0	0.0	0.0	0.0	0.0	0.0	0.0	0.0	0.0	0.0	0.0	0.0	0.0	0.0	0.0	0.0	0.0
k__Bacteria;p__TM7;c__TM7-3;o__CW040	0.0	0.0	0.0	6.6958307294e-05	2.87505031338e-05	0.0	0.0	0.0	1.93397412343e-05	0.0	0.0	0.0	0.0	0.0	0.0	0.0	2.32671769934e-05	0.0	0.0	1.76834659593e-05	1.3878865264e-05	0.0	1.68033337814e-05	0.0	2.56180350967e-05	7.38034613823e-05	0.0	0.0	0.0	0.0	0.0	0.0	0.0	0.0	0.0	0.0	2.54614894971e-05	0.0	0.0	0.0	2.5117423957e-05	0.0	0.0	2.44690222179e-05	0.0	0.0	0.0	0.0	0.0	0.0	0.0	0.0	0.0	0.0	0.0
k__Bacteria;p__Tenericutes;c__CK-1C4-19;o__	8.44856233631e-05	4.6506220207e-05	2.69265980936e-05	6.6958307294e-05	5.75010062676e-05	0.0	0.0	6.04138347682e-05	3.86794824685e-05	0.0	9.75011839429e-05	0.000111061750333	1.80212650928e-05	2.01592581393e-05	1.37999558401e-05	2.76617520954e-05	2.32671769934e-05	2.76977620208e-05	0.0	1.76834659593e-05	4.16365957919e-05	0.0	5.04100013443e-05	3.91772771792e-05	2.56180350967e-05	0.0	0.0	5.82971405253e-05	1.87694733286e-05	5.4296185693e-05	0.0	0.0	6.29653533143e-05	4.51151564368e-05	3.12685657109e-05	2.7283640729e-05	0.0	2.7695460714e-05	3.4095945992e-05	0.0	2.5117423957e-05	2.5235319353e-05	0.0	4.89380444357e-05	5.18215266622e-05	2.3970468383e-05	9.18329864087e-05	2.43652843429e-05	0.0	4.7745231445e-05	3.09578354281e-05	4.8341873731e-05	0.0	2.81888653982e-05	3.04395470595e-05
k__Bacteria;p__Tenericutes;c__Mollicutes;o__Anaeroplasmatales	8.44856233631e-05	0.000255784211138	0.000538531961872	0.0089054548701	0.000172503018803	0.00159476246433	0.000303214069133	3.02069173841e-05	0.00206935231207	6.78782942185e-05	0.00214502604674	0.000333185251	0.000684808073527	2.01592581393e-05	0.0020285935085	0.0	0.0	0.00196654110348	0.0108605538053	0.000141467727675	0.00693943263199	0.000892201867868	0.00156271004167	7.83545543585e-05	0.0	0.00154987268903	0.00118027524019	5.82971405253e-05	7.50778933143e-05	0.000352925207004	9.39820181072e-05	0.0	0.000881514946401	6.76727346552e-05	6.25371314218e-05	5.4567281458e-05	0.000203691915977	0.000387736449996	0.000187527702956	0.000595077089532	0.00203451134052	0.0	0.0	0.000440442399922	2.59107633311e-05	0.0	0.0	0.000194922274743	0.0	0.00019098092578	0.000123831341713	0.000725128105965	0.0	8.45665961945e-05	0.0
k__Bacteria;p__Tenericutes;c__Mollicutes;o__Entomoplasmatales	0.000112647497817	6.97593303104e-05	0.0	6.6958307294e-05	0.0	0.000139891444239	0.000137824576879	3.02069173841e-05	0.0	5.09087206638e-05	6.96437028164e-05	2.77654375833e-05	5.40637952784e-05	0.000120955548836	0.000137999558401	0.000110647008382	0.000162870238954	0.000110791048083	8.29049908805e-05	3.53669319187e-05	9.71520568478e-05	5.75614108302e-05	6.72133351257e-05	0.000117531831538	7.68541052901e-05	3.69017306912e-05	2.36055048037e-05	5.82971405253e-05	5.63084199857e-05	5.4296185693e-05	6.26546787381e-05	9.44153330501e-05	4.72240149858e-05	6.76727346552e-05	3.12685657109e-05	2.7283640729e-05	5.09229789943e-05	5.5390921428e-05	6.8191891984e-05	0.000189342710306	2.5117423957e-05	7.57059580589e-05	6.57894736842e-05	7.34070666536e-05	2.59107633311e-05	0.000143822810298	0.0	2.43652843429e-05	2.99958005879e-05	7.16178471675e-05	3.09578354281e-05	0.0	0.0	5.63777307963e-05	0.000182637282357
k__Bacteria;p__Tenericutes;c__Mollicutes;o__RF39	0.0	0.0	0.0	2.23194357647e-05	0.0	0.0	0.0	0.0	0.0	0.0	1.39287405633e-05	0.0	0.0	0.0	1.37999558401e-05	2.76617520954e-05	0.0	0.0	0.0	0.0	0.0	1.43903527075e-05	0.0	0.0	0.0	0.0	0.0	2.91485702626e-05	0.0	0.0	0.0	0.0	0.0	0.0	0.0	0.0	0.0	0.0	0.0	0.0	0.0	0.0	0.0	0.0	2.59107633311e-05	2.3970468383e-05	0.0	0.0	0.0	0.0	0.0	0.0	0.0	0.0	0.0
k__Bacteria;p__Verrucomicrobia;c__Opitutae;o__Opitutales	2.81618744544e-05	0.0	2.69265980936e-05	4.46388715293e-05	2.87505031338e-05	5.59565776957e-05	5.51298307514e-05	0.0	1.93397412343e-05	5.09087206638e-05	4.17862216898e-05	0.0001665926255	1.80212650928e-05	2.01592581393e-05	4.13998675204e-05	0.0	9.30687079737e-05	0.0	4.14524954402e-05	3.53669319187e-05	1.3878865264e-05	4.31710581226e-05	3.36066675628e-05	3.91772771792e-05	0.0	3.69017306912e-05	7.08165144112e-05	0.0	5.63084199857e-05	0.000108592371386	6.26546787381e-05	7.08114997876e-05	0.0001101893683	0.0	3.12685657109e-05	0.0	2.54614894971e-05	2.7695460714e-05	0.0	5.40979172302e-05	2.5117423957e-05	0.0	0.0	2.44690222179e-05	5.18215266622e-05	0.0	6.12219909391e-05	4.87305686857e-05	0.0	2.38726157225e-05	9.28735062844e-05	7.25128105965e-05	3.67714653429e-05	2.81888653982e-05	0.000152197735298
k__Bacteria;p__Verrucomicrobia;c__Verrucomicrobiae;o__Verrucomicrobiales	0.0	0.0	2.69265980936e-05	0.0	0.0	2.79782888479e-05	2.75649153757e-05	3.02069173841e-05	7.7358964937e-05	1.69695735546e-05	1.39287405633e-05	5.55308751666e-05	3.60425301856e-05	2.01592581393e-05	2.75999116803e-05	5.53235041908e-05	2.32671769934e-05	2.76977620208e-05	2.07262477201e-05	1.76834659593e-05	0.0	0.0	0.0	0.0	0.0	0.0	0.0	0.0	0.0	0.0	0.0	0.0	0.0	0.0	0.0	0.0	0.0	0.0	0.0	0.0	0.0	0.0	0.0	0.0	0.0	0.0	0.0	0.0	2.99958005879e-05	0.0	0.0	0.0	0.0	0.0	0.0
k__Bacteria;p__Verrucomicrobia;c__[Pedosphaerae];o__[Pedosphaerales]	0.0	0.0	0.0	0.0	0.0	0.0	0.0	0.0	0.0	0.0	0.0	0.0	0.0	0.0	1.37999558401e-05	0.0	0.0	0.0	0.0	0.0	0.0	0.0	0.0	0.0	0.0	0.0	0.0	0.0	0.0	0.0	0.0	0.0	0.0	0.0	0.0	0.0	0.0	0.0	0.0	0.0	0.0	0.0	0.0	0.0	0.0	0.0	0.0	0.0	0.0	0.0	3.09578354281e-05	0.0	0.0	0.0	0.0
k__Bacteria;p__Verrucomicrobia;c__[Spartobacteria];o__[Chthoniobacterales]	0.0	0.0	0.0	0.0	0.0	0.0	0.0	0.0	0.0	0.0	0.0	0.0	0.0	0.0	0.0	0.0	0.0	0.0	0.0	0.0	0.0	0.0	0.0	0.0	0.0	0.0	0.0	0.0	0.0	0.0	0.0	0.0	0.0	0.0	0.0	0.0	0.0	0.0	1.7047972996e-05	0.0	0.0	0.0	0.0	0.0	0.0	0.0	0.0	0.0	0.0	0.0	0.0	0.0	0.0	0.0	0.0
k__Bacteria;p__WWE1;c__[Cloacamonae];o__[Cloacamonales]	0.0	0.0	0.0	0.0	0.0	2.79782888479e-05	0.0	0.0	0.0	0.0	0.0	0.0	0.0	0.0	0.0	0.0	0.0	0.0	0.0	0.0	0.0	0.0	0.0	0.0	0.0	0.0	0.0	0.0	1.87694733286e-05	0.0	0.0	0.0	0.0	0.0	0.0	0.0	0.0	0.0	0.0	0.0	0.0	0.0	0.0	0.0	0.0	0.0	0.0	0.0	2.99958005879e-05	0.0	0.0	0.0	3.67714653429e-05	0.0	0.0
k__Bacteria;p__[Thermi];c__Deinococci;o__Thermales	0.0	2.32531101035e-05	0.0	0.0	0.0	0.0	0.0	0.0	0.0	0.0	0.0	0.0	0.0	0.0	0.0	0.0	0.0	0.0	0.0	0.0	0.0	0.0	0.0	0.0	0.0	0.0	0.0	0.0	0.0	0.0	0.0	0.0	0.0	0.0	0.0	0.0	0.0	0.0	0.0	0.0	0.0	0.0	0.0	0.0	0.0	0.0	0.0	0.0	0.0	0.0	0.0	0.0	0.0	0.0	0.0
