Taxon	B6.Taconic.Donor	315	316	317	318	319	320	321	322	323	324	325	326	327	328	335	336	341	333	334	342	343	344	345	312	313	314	329	330	331	337	332	338	339	340	301	302	303	304	305	306	307	308	309	310	311
Unassigned;Other;Other;Other;Other	30.0	25.0	43.0	51.0	50.0	49.0	45.0	54.0	22.0	73.0	84.0	34.0	23.0	48.0	51.0	52.0	71.0	62.0	111.0	55.0	55.0	45.0	62.0	75.0	58.0	42.0	60.0	21.0	41.0	76.0	42.0	56.0	63.0	65.0	62.0	54.0	9.0	29.0	66.0	48.0	52.0	57.0	52.0	68.0	70.0	82.0
k__Archaea;p__Euryarchaeota;c__Methanomicrobia;o__Methanosarcinales;f__Methanosaetaceae	1.0	0.0	0.0	0.0	0.0	0.0	0.0	0.0	0.0	0.0	0.0	0.0	0.0	0.0	0.0	0.0	0.0	0.0	0.0	1.0	0.0	0.0	0.0	0.0	0.0	0.0	0.0	0.0	0.0	0.0	0.0	0.0	0.0	0.0	0.0	0.0	0.0	0.0	0.0	0.0	0.0	0.0	0.0	0.0	0.0	0.0
k__Archaea;p__Euryarchaeota;c__Methanomicrobia;o__Methanosarcinales;f__Methanosarcinaceae	0.0	0.0	0.0	0.0	0.0	1.0	0.0	0.0	0.0	0.0	0.0	0.0	0.0	0.0	0.0	1.0	0.0	0.0	0.0	0.0	0.0	0.0	1.0	0.0	0.0	1.0	0.0	0.0	0.0	0.0	0.0	0.0	0.0	0.0	1.0	1.0	0.0	0.0	0.0	0.0	0.0	0.0	0.0	0.0	0.0	0.0
k__Bacteria;Other;Other;Other;Other	0.0	0.0	0.0	0.0	0.0	0.0	0.0	2.0	0.0	0.0	2.0	1.0	0.0	0.0	0.0	1.0	1.0	0.0	0.0	0.0	0.0	0.0	0.0	1.0	0.0	0.0	0.0	1.0	0.0	0.0	0.0	0.0	0.0	0.0	0.0	0.0	0.0	0.0	0.0	0.0	1.0	0.0	0.0	0.0	0.0	0.0
k__Bacteria;p__Actinobacteria;c__Actinobacteria;o__Actinomycetales;f__Microbacteriaceae	0.0	0.0	0.0	0.0	0.0	0.0	0.0	0.0	0.0	0.0	0.0	0.0	0.0	0.0	0.0	0.0	0.0	0.0	0.0	0.0	1.0	0.0	0.0	0.0	0.0	0.0	0.0	0.0	0.0	0.0	0.0	0.0	0.0	0.0	1.0	0.0	0.0	0.0	1.0	0.0	0.0	0.0	0.0	0.0	0.0	0.0
k__Bacteria;p__Actinobacteria;c__Actinobacteria;o__Bifidobacteriales;f__Bifidobacteriaceae	0.0	0.0	0.0	0.0	0.0	0.0	1.0	0.0	0.0	0.0	0.0	0.0	0.0	0.0	0.0	0.0	0.0	0.0	0.0	0.0	1.0	0.0	0.0	0.0	0.0	1.0	0.0	0.0	0.0	0.0	0.0	0.0	0.0	0.0	0.0	0.0	0.0	0.0	0.0	0.0	0.0	0.0	0.0	0.0	0.0	0.0
k__Bacteria;p__Actinobacteria;c__Coriobacteriia;o__Coriobacteriales;f__Coriobacteriaceae	4.0	0.0	4.0	2.0	0.0	2.0	1.0	5.0	4.0	0.0	4.0	5.0	2.0	0.0	0.0	1.0	1.0	4.0	1.0	0.0	3.0	0.0	4.0	0.0	1.0	0.0	5.0	0.0	3.0	2.0	4.0	0.0	4.0	1.0	7.0	2.0	2.0	0.0	1.0	3.0	0.0	1.0	2.0	0.0	2.0	5.0
k__Bacteria;p__Actinobacteria;c__OPB41;o__;f__	0.0	0.0	0.0	0.0	0.0	0.0	0.0	0.0	0.0	0.0	0.0	0.0	0.0	0.0	0.0	0.0	0.0	0.0	0.0	0.0	0.0	0.0	0.0	0.0	0.0	0.0	0.0	0.0	0.0	0.0	0.0	0.0	0.0	0.0	0.0	0.0	0.0	0.0	1.0	0.0	0.0	0.0	0.0	0.0	1.0	0.0
k__Bacteria;p__Bacteroidetes;c__Bacteroidia;o__Bacteroidales;f__	9.0	2.0	5.0	7.0	4.0	4.0	4.0	4.0	1.0	4.0	6.0	2.0	2.0	8.0	2.0	8.0	10.0	2.0	5.0	3.0	7.0	4.0	8.0	4.0	2.0	3.0	6.0	0.0	6.0	5.0	5.0	1.0	6.0	5.0	9.0	10.0	0.0	4.0	7.0	2.0	0.0	1.0	9.0	4.0	7.0	16.0
k__Bacteria;p__Bacteroidetes;c__Bacteroidia;o__Bacteroidales;f__Bacteroidaceae	1457.0	2989.0	2585.0	2420.0	2937.0	1701.0	2233.0	1788.0	1048.0	5631.0	2551.0	2892.0	632.0	1170.0	1127.0	1888.0	2723.0	2438.0	4158.0	3601.0	1500.0	1915.0	4377.0	3382.0	1588.0	1867.0	1474.0	2097.0	3136.0	2276.0	1861.0	3000.0	3438.0	4180.0	4175.0	4013.0	1027.0	1647.0	4221.0	2313.0	2686.0	4420.0	2733.0	5727.0	2175.0	2967.0
k__Bacteria;p__Bacteroidetes;c__Bacteroidia;o__Bacteroidales;f__Porphyromonadaceae	1780.0	2408.0	4121.0	2421.0	2372.0	2442.0	2946.0	3087.0	2979.0	3965.0	4652.0	2876.0	1410.0	1462.0	2768.0	1671.0	4532.0	2305.0	3252.0	3125.0	3727.0	2648.0	3733.0	3180.0	2698.0	3535.0	3412.0	1194.0	1962.0	3942.0	2194.0	3225.0	2698.0	4815.0	3148.0	3699.0	929.0	1153.0	5072.0	3712.0	2379.0	3757.0	3208.0	5115.0	4615.0	6174.0
k__Bacteria;p__Bacteroidetes;c__Bacteroidia;o__Bacteroidales;f__Prevotellaceae	1.0	0.0	1.0	3.0	2.0	1.0	1.0	1.0	1.0	1.0	1.0	0.0	0.0	3.0	1.0	2.0	6.0	1.0	1.0	0.0	1.0	0.0	0.0	1.0	3.0	0.0	0.0	0.0	0.0	4.0	1.0	3.0	1.0	1.0	1.0	5.0	0.0	1.0	3.0	2.0	0.0	0.0	1.0	0.0	1.0	3.0
k__Bacteria;p__Bacteroidetes;c__Bacteroidia;o__Bacteroidales;f__Rikenellaceae	0.0	0.0	0.0	0.0	0.0	0.0	0.0	0.0	0.0	0.0	0.0	1.0	0.0	0.0	0.0	0.0	3.0	0.0	0.0	0.0	0.0	0.0	0.0	0.0	0.0	0.0	0.0	0.0	0.0	0.0	0.0	0.0	0.0	0.0	0.0	0.0	0.0	0.0	0.0	0.0	0.0	0.0	0.0	0.0	0.0	0.0
k__Bacteria;p__Bacteroidetes;c__Bacteroidia;o__Bacteroidales;f__S24-7	14.0	34.0	38.0	38.0	53.0	53.0	34.0	59.0	8.0	41.0	66.0	25.0	28.0	45.0	45.0	51.0	61.0	45.0	73.0	37.0	54.0	37.0	54.0	46.0	48.0	37.0	64.0	9.0	37.0	71.0	41.0	59.0	60.0	42.0	88.0	63.0	7.0	52.0	48.0	18.0	20.0	22.0	54.0	35.0	50.0	93.0
k__Bacteria;p__Bacteroidetes;c__Bacteroidia;o__Bacteroidales;f__SB-1	8.0	1.0	1.0	1.0	3.0	2.0	3.0	0.0	0.0	2.0	0.0	0.0	2.0	3.0	0.0	2.0	3.0	2.0	5.0	1.0	1.0	0.0	0.0	1.0	0.0	2.0	3.0	0.0	0.0	0.0	1.0	4.0	2.0	4.0	3.0	3.0	0.0	2.0	1.0	0.0	1.0	0.0	5.0	2.0	2.0	3.0
k__Bacteria;p__Bacteroidetes;c__Bacteroidia;o__Bacteroidales;f__[Paraprevotellaceae]	1.0	0.0	1.0	2.0	0.0	0.0	1.0	2.0	1.0	0.0	0.0	0.0	0.0	0.0	2.0	0.0	1.0	0.0	1.0	0.0	0.0	0.0	0.0	1.0	2.0	2.0	1.0	0.0	0.0	1.0	0.0	1.0	0.0	0.0	1.0	0.0	0.0	0.0	2.0	0.0	1.0	0.0	0.0	1.0	1.0	0.0
k__Bacteria;p__Bacteroidetes;c__Cytophagia;o__Cytophagales;f__Cytophagaceae	0.0	0.0	0.0	0.0	0.0	1.0	0.0	0.0	0.0	0.0	0.0	0.0	0.0	0.0	0.0	0.0	0.0	0.0	0.0	0.0	0.0	0.0	0.0	0.0	0.0	0.0	0.0	0.0	0.0	1.0	0.0	0.0	0.0	0.0	0.0	0.0	0.0	0.0	0.0	0.0	0.0	0.0	0.0	0.0	0.0	0.0
k__Bacteria;p__Bacteroidetes;c__Flavobacteriia;o__Flavobacteriales;f__[Weeksellaceae]	0.0	0.0	0.0	0.0	0.0	0.0	0.0	2.0	0.0	0.0	0.0	0.0	0.0	0.0	0.0	0.0	0.0	0.0	0.0	0.0	0.0	0.0	0.0	0.0	0.0	0.0	0.0	0.0	0.0	0.0	0.0	0.0	0.0	0.0	0.0	0.0	0.0	1.0	0.0	0.0	0.0	0.0	0.0	0.0	0.0	0.0
k__Bacteria;p__Bacteroidetes;c__Sphingobacteriia;o__Sphingobacteriales;f__Sphingobacteriaceae	0.0	0.0	0.0	0.0	0.0	0.0	0.0	0.0	0.0	0.0	0.0	0.0	0.0	1.0	0.0	0.0	0.0	0.0	0.0	0.0	0.0	0.0	0.0	0.0	0.0	1.0	0.0	0.0	0.0	0.0	0.0	0.0	0.0	0.0	0.0	0.0	0.0	0.0	0.0	0.0	0.0	0.0	0.0	0.0	0.0	0.0
k__Bacteria;p__Chloroflexi;c__Anaerolineae;o__Anaerolineales;f__Anaerolinaceae	0.0	0.0	0.0	0.0	0.0	0.0	0.0	0.0	0.0	1.0	3.0	0.0	1.0	1.0	0.0	0.0	2.0	0.0	0.0	0.0	1.0	0.0	0.0	0.0	0.0	1.0	0.0	0.0	0.0	0.0	0.0	0.0	0.0	0.0	1.0	0.0	0.0	0.0	0.0	0.0	0.0	0.0	0.0	1.0	0.0	0.0
k__Bacteria;p__Cyanobacteria;c__Oscillatoriophycideae;Other;Other	0.0	0.0	0.0	0.0	0.0	0.0	0.0	0.0	0.0	0.0	1.0	0.0	0.0	0.0	0.0	0.0	0.0	0.0	0.0	0.0	0.0	0.0	0.0	0.0	1.0	0.0	0.0	0.0	0.0	0.0	0.0	0.0	0.0	0.0	0.0	0.0	0.0	0.0	0.0	0.0	0.0	0.0	0.0	0.0	0.0	0.0
k__Bacteria;p__Cyanobacteria;c__Oscillatoriophycideae;o__Oscillatoriales;f__Phormidiaceae	0.0	0.0	0.0	0.0	0.0	0.0	0.0	0.0	0.0	0.0	0.0	0.0	0.0	0.0	0.0	1.0	1.0	0.0	0.0	0.0	0.0	0.0	1.0	0.0	0.0	0.0	0.0	0.0	0.0	0.0	0.0	0.0	0.0	0.0	0.0	1.0	0.0	1.0	0.0	0.0	0.0	0.0	0.0	0.0	0.0	0.0
k__Bacteria;p__Deferribacteres;c__Deferribacteres;o__Deferribacterales;f__Deferribacteraceae	535.0	477.0	966.0	357.0	1670.0	1188.0	1186.0	893.0	717.0	487.0	796.0	815.0	255.0	1728.0	413.0	452.0	23.0	510.0	541.0	582.0	1535.0	1502.0	722.0	516.0	1392.0	1088.0	1150.0	252.0	106.0	1371.0	1075.0	1070.0	1347.0	2150.0	1244.0	349.0	399.0	117.0	841.0	469.0	295.0	651.0	660.0	302.0	1330.0	1188.0
k__Bacteria;p__Elusimicrobia;c__Elusimicrobia;o__Elusimicrobiales;f__	0.0	0.0	1.0	0.0	0.0	1.0	0.0	0.0	0.0	0.0	0.0	0.0	0.0	0.0	0.0	0.0	0.0	2.0	0.0	0.0	0.0	0.0	0.0	0.0	0.0	0.0	0.0	0.0	0.0	0.0	0.0	2.0	0.0	0.0	0.0	0.0	0.0	0.0	0.0	0.0	0.0	0.0	0.0	0.0	1.0	0.0
k__Bacteria;p__Firmicutes;c__Bacilli;o__Bacillales;Other	0.0	0.0	1.0	0.0	0.0	0.0	0.0	0.0	0.0	0.0	0.0	0.0	0.0	0.0	0.0	1.0	0.0	0.0	0.0	0.0	3.0	1.0	1.0	3.0	1.0	0.0	0.0	0.0	0.0	0.0	0.0	0.0	0.0	0.0	0.0	0.0	0.0	0.0	0.0	0.0	0.0	0.0	0.0	0.0	0.0	0.0
k__Bacteria;p__Firmicutes;c__Bacilli;o__Bacillales;f__Bacillaceae	1.0	0.0	0.0	2.0	1.0	0.0	1.0	2.0	0.0	0.0	0.0	1.0	1.0	1.0	1.0	1.0	2.0	0.0	1.0	1.0	0.0	1.0	0.0	1.0	1.0	0.0	0.0	1.0	1.0	2.0	0.0	0.0	0.0	3.0	2.0	2.0	0.0	0.0	2.0	0.0	0.0	0.0	2.0	0.0	4.0	3.0
k__Bacteria;p__Firmicutes;c__Bacilli;o__Bacillales;f__Paenibacillaceae	2.0	0.0	0.0	0.0	0.0	0.0	0.0	0.0	0.0	0.0	0.0	0.0	0.0	0.0	0.0	0.0	0.0	0.0	0.0	0.0	0.0	0.0	0.0	0.0	0.0	0.0	0.0	0.0	0.0	0.0	0.0	0.0	0.0	0.0	0.0	0.0	0.0	0.0	0.0	0.0	0.0	0.0	0.0	0.0	0.0	0.0
k__Bacteria;p__Firmicutes;c__Bacilli;o__Bacillales;f__Staphylococcaceae	0.0	88.0	44.0	162.0	1.0	3.0	1.0	2.0	0.0	2.0	0.0	1.0	2.0	4.0	9.0	18.0	14.0	29.0	1.0	0.0	348.0	62.0	50.0	154.0	87.0	59.0	11.0	0.0	3.0	0.0	3.0	2.0	1.0	6.0	1.0	1.0	0.0	0.0	96.0	45.0	6.0	21.0	12.0	22.0	29.0	16.0
k__Bacteria;p__Firmicutes;c__Bacilli;o__Lactobacillales;f__Enterococcaceae	0.0	0.0	5.0	1.0	1.0	5.0	5.0	2.0	0.0	3.0	1.0	3.0	0.0	1.0	0.0	3.0	6.0	4.0	1.0	2.0	1.0	0.0	4.0	2.0	1.0	14.0	12.0	0.0	0.0	7.0	2.0	3.0	3.0	12.0	12.0	0.0	1.0	0.0	4.0	2.0	0.0	0.0	0.0	0.0	0.0	0.0
k__Bacteria;p__Firmicutes;c__Bacilli;o__Lactobacillales;f__Lactobacillaceae	188.0	494.0	1258.0	630.0	534.0	1097.0	618.0	999.0	118.0	304.0	612.0	456.0	26.0	230.0	811.0	245.0	285.0	190.0	80.0	121.0	34.0	92.0	485.0	253.0	558.0	643.0	1693.0	196.0	522.0	1448.0	659.0	660.0	871.0	1179.0	2131.0	295.0	58.0	337.0	212.0	124.0	95.0	93.0	361.0	206.0	820.0	587.0
k__Bacteria;p__Firmicutes;c__Bacilli;o__Turicibacterales;f__Turicibacteraceae	2.0	45.0	82.0	120.0	1.0	0.0	2.0	2.0	0.0	369.0	319.0	232.0	29.0	40.0	165.0	1.0	1.0	2.0	2.0	1.0	2.0	0.0	1.0	0.0	2.0	3.0	3.0	0.0	1.0	0.0	242.0	202.0	148.0	118.0	143.0	347.0	24.0	408.0	305.0	188.0	81.0	61.0	342.0	197.0	603.0	541.0
k__Bacteria;p__Firmicutes;c__Clostridia;o__;f__	2.0	0.0	0.0	0.0	0.0	0.0	0.0	0.0	0.0	0.0	0.0	0.0	0.0	0.0	0.0	0.0	0.0	0.0	0.0	0.0	0.0	0.0	0.0	0.0	0.0	0.0	0.0	0.0	0.0	0.0	0.0	0.0	0.0	0.0	0.0	0.0	0.0	0.0	0.0	0.0	0.0	0.0	0.0	0.0	0.0	0.0
k__Bacteria;p__Firmicutes;c__Clostridia;o__Clostridiales;Other	8.0	9.0	9.0	3.0	12.0	10.0	6.0	10.0	3.0	7.0	30.0	13.0	7.0	10.0	14.0	7.0	6.0	4.0	8.0	11.0	14.0	6.0	8.0	5.0	6.0	3.0	7.0	8.0	5.0	16.0	16.0	6.0	15.0	6.0	8.0	10.0	7.0	12.0	8.0	3.0	8.0	7.0	9.0	3.0	17.0	18.0
k__Bacteria;p__Firmicutes;c__Clostridia;o__Clostridiales;f__	16513.0	17701.0	28776.0	16830.0	20483.0	26172.0	19768.0	19984.0	9673.0	20465.0	33604.0	21089.0	16034.0	27063.0	30534.0	29117.0	29373.0	32749.0	29279.0	22890.0	26818.0	19994.0	18516.0	24668.0	24196.0	20849.0	23599.0	8917.0	18136.0	24726.0	21227.0	22653.0	24676.0	18185.0	28511.0	17331.0	6212.0	22411.0	17024.0	17445.0	17121.0	16530.0	19998.0	19136.0	30494.0	29273.0
k__Bacteria;p__Firmicutes;c__Clostridia;o__Clostridiales;f__Christensenellaceae	41.0	24.0	21.0	27.0	18.0	30.0	56.0	27.0	31.0	45.0	27.0	26.0	13.0	17.0	25.0	24.0	53.0	31.0	23.0	34.0	22.0	19.0	27.0	46.0	51.0	14.0	37.0	10.0	27.0	32.0	48.0	21.0	47.0	49.0	61.0	31.0	7.0	57.0	31.0	12.0	33.0	27.0	21.0	18.0	17.0	39.0
k__Bacteria;p__Firmicutes;c__Clostridia;o__Clostridiales;f__Clostridiaceae	199.0	65.0	88.0	227.0	588.0	544.0	424.0	417.0	265.0	642.0	993.0	384.0	31.0	33.0	373.0	85.0	151.0	90.0	116.0	111.0	278.0	128.0	164.0	172.0	147.0	98.0	145.0	22.0	98.0	291.0	322.0	170.0	248.0	342.0	331.0	1548.0	945.0	876.0	585.0	442.0	187.0	230.0	656.0	349.0	1233.0	1029.0
k__Bacteria;p__Firmicutes;c__Clostridia;o__Clostridiales;f__Dehalobacteriaceae	69.0	36.0	57.0	50.0	36.0	88.0	31.0	57.0	64.0	38.0	71.0	50.0	28.0	56.0	56.0	21.0	48.0	40.0	41.0	24.0	46.0	27.0	29.0	32.0	82.0	51.0	68.0	23.0	44.0	96.0	81.0	40.0	66.0	94.0	102.0	52.0	21.0	50.0	32.0	32.0	25.0	28.0	39.0	29.0	78.0	80.0
k__Bacteria;p__Firmicutes;c__Clostridia;o__Clostridiales;f__EtOH8	0.0	0.0	0.0	1.0	0.0	0.0	0.0	0.0	0.0	0.0	0.0	0.0	0.0	0.0	0.0	0.0	1.0	0.0	0.0	0.0	0.0	0.0	0.0	0.0	0.0	0.0	0.0	0.0	1.0	0.0	0.0	0.0	0.0	0.0	0.0	0.0	0.0	0.0	0.0	0.0	0.0	0.0	0.0	0.0	1.0	0.0
k__Bacteria;p__Firmicutes;c__Clostridia;o__Clostridiales;f__Eubacteriaceae	0.0	0.0	0.0	0.0	0.0	0.0	0.0	0.0	0.0	0.0	0.0	0.0	0.0	0.0	0.0	0.0	0.0	0.0	0.0	0.0	0.0	0.0	0.0	0.0	0.0	0.0	0.0	0.0	0.0	1.0	0.0	0.0	0.0	0.0	2.0	0.0	0.0	0.0	0.0	3.0	0.0	0.0	0.0	0.0	1.0	0.0
k__Bacteria;p__Firmicutes;c__Clostridia;o__Clostridiales;f__Lachnospiraceae	6439.0	8922.0	10653.0	10157.0	7299.0	13925.0	8902.0	10188.0	5115.0	8604.0	12625.0	6908.0	7568.0	10788.0	7811.0	6303.0	8917.0	9253.0	9076.0	8363.0	11463.0	5498.0	5562.0	7983.0	9467.0	9124.0	11407.0	3769.0	6138.0	12628.0	9969.0	7382.0	12707.0	11104.0	14668.0	8111.0	2559.0	7845.0	4177.0	4604.0	5149.0	5249.0	7111.0	4213.0	9716.0	9910.0
k__Bacteria;p__Firmicutes;c__Clostridia;o__Clostridiales;f__Peptococcaceae	0.0	0.0	0.0	0.0	0.0	0.0	0.0	0.0	0.0	0.0	0.0	0.0	0.0	1.0	0.0	1.0	0.0	0.0	0.0	0.0	0.0	0.0	0.0	0.0	0.0	0.0	0.0	0.0	0.0	0.0	0.0	0.0	0.0	0.0	0.0	0.0	0.0	0.0	0.0	0.0	0.0	0.0	0.0	0.0	0.0	0.0
k__Bacteria;p__Firmicutes;c__Clostridia;o__Clostridiales;f__Peptostreptococcaceae	87.0	7.0	31.0	6.0	15.0	84.0	216.0	51.0	62.0	63.0	3.0	40.0	5.0	0.0	0.0	0.0	0.0	0.0	0.0	0.0	0.0	0.0	0.0	0.0	1.0	7.0	2.0	30.0	42.0	182.0	78.0	4.0	23.0	16.0	3.0	225.0	9.0	0.0	421.0	354.0	220.0	324.0	310.0	449.0	306.0	499.0
k__Bacteria;p__Firmicutes;c__Clostridia;o__Clostridiales;f__Ruminococcaceae	15671.0	3981.0	5758.0	4474.0	4875.0	5245.0	4363.0	4251.0	1237.0	3159.0	6920.0	5516.0	3016.0	7674.0	5452.0	3619.0	6413.0	6715.0	4667.0	3424.0	7253.0	4893.0	5345.0	5473.0	4982.0	5138.0	5103.0	2436.0	4132.0	6934.0	5973.0	4349.0	5970.0	5619.0	7401.0	2862.0	727.0	3928.0	5010.0	3032.0	2635.0	2975.0	3644.0	2898.0	5955.0	6886.0
k__Bacteria;p__Firmicutes;c__Clostridia;o__Clostridiales;f__Veillonellaceae	0.0	0.0	0.0	0.0	0.0	1.0	0.0	0.0	0.0	0.0	0.0	0.0	0.0	0.0	0.0	0.0	0.0	0.0	0.0	0.0	0.0	0.0	0.0	0.0	0.0	0.0	0.0	0.0	0.0	0.0	0.0	0.0	0.0	0.0	0.0	0.0	0.0	0.0	0.0	0.0	2.0	0.0	0.0	0.0	0.0	1.0
k__Bacteria;p__Firmicutes;c__Clostridia;o__Clostridiales;f__[Acidaminobacteraceae]	2.0	0.0	1.0	0.0	0.0	1.0	0.0	1.0	0.0	0.0	3.0	0.0	2.0	2.0	0.0	3.0	3.0	1.0	1.0	0.0	0.0	1.0	0.0	4.0	1.0	2.0	0.0	0.0	0.0	1.0	0.0	4.0	3.0	1.0	1.0	1.0	0.0	0.0	1.0	0.0	0.0	0.0	1.0	1.0	2.0	1.0
k__Bacteria;p__Firmicutes;c__Clostridia;o__Clostridiales;f__[Mogibacteriaceae]	3.0	10.0	7.0	2.0	7.0	11.0	4.0	6.0	5.0	8.0	7.0	3.0	2.0	3.0	2.0	5.0	11.0	4.0	5.0	10.0	15.0	6.0	6.0	8.0	1.0	5.0	5.0	2.0	1.0	12.0	6.0	6.0	6.0	11.0	8.0	2.0	4.0	1.0	4.0	4.0	3.0	5.0	3.0	0.0	16.0	21.0
k__Bacteria;p__Firmicutes;c__Clostridia;o__Clostridiales;f__[Tissierellaceae]	0.0	0.0	0.0	0.0	0.0	0.0	0.0	0.0	0.0	1.0	0.0	0.0	0.0	0.0	0.0	0.0	0.0	0.0	1.0	0.0	0.0	0.0	0.0	0.0	0.0	0.0	0.0	0.0	0.0	0.0	1.0	0.0	0.0	0.0	0.0	0.0	0.0	0.0	0.0	0.0	0.0	0.0	0.0	0.0	0.0	0.0
k__Bacteria;p__Firmicutes;c__Erysipelotrichi;o__Erysipelotrichales;f__Erysipelotrichaceae	153.0	138.0	197.0	108.0	223.0	316.0	216.0	239.0	75.0	206.0	342.0	202.0	77.0	48.0	110.0	102.0	276.0	171.0	72.0	83.0	178.0	227.0	206.0	349.0	145.0	77.0	148.0	43.0	84.0	211.0	166.0	124.0	287.0	354.0	288.0	64.0	9.0	103.0	139.0	194.0	99.0	190.0	216.0	111.0	521.0	489.0
k__Bacteria;p__Planctomycetes;c__Phycisphaerae;o__MSBL9;f__	1.0	0.0	0.0	0.0	0.0	0.0	0.0	0.0	0.0	1.0	0.0	0.0	0.0	0.0	0.0	0.0	0.0	0.0	0.0	0.0	0.0	0.0	1.0	0.0	0.0	0.0	0.0	0.0	0.0	0.0	0.0	0.0	0.0	0.0	0.0	0.0	0.0	0.0	0.0	0.0	0.0	0.0	0.0	0.0	0.0	0.0
k__Bacteria;p__Proteobacteria;c__Alphaproteobacteria;o__Rhizobiales;f__Phyllobacteriaceae	0.0	0.0	1.0	1.0	2.0	1.0	0.0	1.0	0.0	3.0	1.0	1.0	4.0	4.0	0.0	3.0	0.0	3.0	3.0	2.0	2.0	4.0	2.0	3.0	1.0	1.0	0.0	0.0	1.0	4.0	2.0	0.0	2.0	1.0	2.0	3.0	0.0	1.0	4.0	3.0	0.0	0.0	1.0	1.0	1.0	1.0
k__Bacteria;p__Proteobacteria;c__Alphaproteobacteria;o__Sphingomonadales;f__Sphingomonadaceae	0.0	0.0	0.0	0.0	0.0	0.0	0.0	0.0	0.0	0.0	0.0	0.0	1.0	0.0	0.0	0.0	0.0	1.0	0.0	0.0	0.0	0.0	0.0	0.0	0.0	0.0	0.0	0.0	0.0	0.0	0.0	0.0	0.0	0.0	0.0	0.0	0.0	0.0	0.0	0.0	0.0	0.0	0.0	0.0	0.0	0.0
k__Bacteria;p__Proteobacteria;c__Betaproteobacteria;o__Burkholderiales;f__Alcaligenaceae	1.0	0.0	5.0	1.0	1.0	3.0	2.0	0.0	0.0	7.0	3.0	1.0	1.0	5.0	0.0	1.0	4.0	1.0	2.0	1.0	1.0	2.0	1.0	5.0	5.0	0.0	2.0	1.0	0.0	5.0	0.0	4.0	4.0	2.0	2.0	2.0	0.0	3.0	3.0	0.0	1.0	2.0	1.0	1.0	4.0	7.0
k__Bacteria;p__Proteobacteria;c__Betaproteobacteria;o__Burkholderiales;f__Burkholderiaceae	0.0	0.0	0.0	0.0	0.0	0.0	0.0	1.0	0.0	0.0	0.0	0.0	0.0	0.0	1.0	0.0	0.0	0.0	0.0	0.0	1.0	0.0	0.0	0.0	1.0	0.0	0.0	0.0	0.0	0.0	0.0	0.0	0.0	1.0	0.0	0.0	0.0	0.0	0.0	0.0	0.0	0.0	0.0	0.0	1.0	0.0
k__Bacteria;p__Proteobacteria;c__Betaproteobacteria;o__Burkholderiales;f__Comamonadaceae	1.0	0.0	0.0	0.0	0.0	0.0	1.0	0.0	0.0	0.0	0.0	0.0	0.0	0.0	0.0	0.0	0.0	0.0	0.0	0.0	0.0	0.0	0.0	0.0	0.0	0.0	0.0	0.0	0.0	1.0	0.0	0.0	0.0	0.0	0.0	1.0	0.0	1.0	0.0	0.0	0.0	0.0	0.0	0.0	0.0	0.0
k__Bacteria;p__Proteobacteria;c__Betaproteobacteria;o__Burkholderiales;f__Oxalobacteraceae	2.0	0.0	0.0	0.0	1.0	2.0	0.0	0.0	0.0	0.0	0.0	0.0	0.0	1.0	0.0	1.0	0.0	0.0	0.0	0.0	0.0	0.0	0.0	0.0	0.0	0.0	0.0	0.0	0.0	0.0	1.0	0.0	0.0	0.0	0.0	0.0	0.0	0.0	0.0	0.0	0.0	1.0	0.0	0.0	0.0	0.0
k__Bacteria;p__Proteobacteria;c__Betaproteobacteria;o__Neisseriales;f__Neisseriaceae	4.0	0.0	1.0	0.0	0.0	0.0	1.0	0.0	0.0	0.0	0.0	1.0	0.0	0.0	0.0	0.0	0.0	0.0	0.0	0.0	0.0	0.0	0.0	0.0	0.0	0.0	0.0	0.0	0.0	0.0	0.0	0.0	0.0	0.0	0.0	1.0	0.0	0.0	0.0	0.0	0.0	1.0	0.0	0.0	0.0	0.0
k__Bacteria;p__Proteobacteria;c__Betaproteobacteria;o__Rhodocyclales;f__Rhodocyclaceae	13.0	0.0	1.0	1.0	0.0	0.0	2.0	0.0	0.0	0.0	0.0	0.0	0.0	1.0	0.0	0.0	0.0	2.0	2.0	0.0	0.0	1.0	0.0	0.0	0.0	0.0	2.0	0.0	2.0	0.0	1.0	0.0	1.0	0.0	0.0	0.0	1.0	0.0	1.0	0.0	0.0	0.0	1.0	0.0	0.0	0.0
k__Bacteria;p__Proteobacteria;c__Deltaproteobacteria;Other;Other	0.0	0.0	1.0	0.0	0.0	0.0	0.0	1.0	0.0	0.0	0.0	0.0	0.0	0.0	1.0	0.0	0.0	0.0	0.0	0.0	1.0	0.0	0.0	0.0	0.0	0.0	0.0	0.0	0.0	0.0	0.0	0.0	0.0	0.0	0.0	0.0	0.0	0.0	0.0	0.0	0.0	0.0	0.0	0.0	0.0	0.0
k__Bacteria;p__Proteobacteria;c__Deltaproteobacteria;o__;f__	0.0	0.0	0.0	0.0	0.0	0.0	0.0	0.0	0.0	0.0	0.0	0.0	0.0	0.0	0.0	0.0	0.0	0.0	0.0	0.0	0.0	0.0	0.0	0.0	0.0	0.0	0.0	0.0	1.0	1.0	0.0	0.0	0.0	0.0	0.0	0.0	0.0	0.0	0.0	0.0	0.0	0.0	0.0	0.0	0.0	1.0
k__Bacteria;p__Proteobacteria;c__Deltaproteobacteria;o__Desulfarculales;f__Desulfarculaceae	0.0	0.0	1.0	0.0	0.0	0.0	0.0	0.0	0.0	0.0	0.0	0.0	0.0	0.0	0.0	0.0	0.0	0.0	0.0	0.0	0.0	0.0	0.0	0.0	0.0	0.0	0.0	0.0	0.0	0.0	0.0	1.0	0.0	0.0	0.0	0.0	0.0	1.0	1.0	0.0	0.0	0.0	0.0	0.0	0.0	0.0
k__Bacteria;p__Proteobacteria;c__Deltaproteobacteria;o__Desulfobacterales;f__Desulfobacteraceae	0.0	0.0	0.0	0.0	0.0	1.0	0.0	0.0	0.0	0.0	0.0	0.0	0.0	0.0	0.0	0.0	1.0	0.0	0.0	0.0	0.0	0.0	0.0	0.0	0.0	0.0	0.0	0.0	0.0	0.0	0.0	0.0	0.0	0.0	1.0	0.0	0.0	0.0	1.0	0.0	0.0	0.0	0.0	0.0	0.0	0.0
k__Bacteria;p__Proteobacteria;c__Deltaproteobacteria;o__Desulfobacterales;f__Desulfobulbaceae	1.0	0.0	0.0	0.0	1.0	0.0	0.0	0.0	1.0	0.0	0.0	0.0	0.0	0.0	0.0	1.0	1.0	1.0	0.0	0.0	0.0	1.0	1.0	0.0	0.0	0.0	0.0	0.0	0.0	0.0	1.0	1.0	2.0	0.0	0.0	0.0	0.0	0.0	1.0	0.0	0.0	0.0	0.0	0.0	1.0	0.0
k__Bacteria;p__Proteobacteria;c__Deltaproteobacteria;o__Desulfovibrionales;f__Desulfovibrionaceae	0.0	1.0	0.0	0.0	0.0	0.0	1.0	0.0	0.0	0.0	0.0	0.0	0.0	1.0	0.0	0.0	1.0	0.0	0.0	0.0	0.0	1.0	0.0	0.0	1.0	0.0	1.0	0.0	1.0	0.0	0.0	0.0	1.0	0.0	0.0	0.0	0.0	1.0	1.0	0.0	0.0	0.0	0.0	0.0	0.0	0.0
k__Bacteria;p__Proteobacteria;c__Deltaproteobacteria;o__Desulfuromonadales;Other	0.0	0.0	0.0	0.0	0.0	0.0	0.0	0.0	0.0	0.0	0.0	0.0	0.0	0.0	0.0	0.0	0.0	0.0	0.0	0.0	0.0	0.0	0.0	0.0	0.0	1.0	0.0	0.0	0.0	0.0	0.0	0.0	1.0	0.0	0.0	0.0	0.0	0.0	0.0	0.0	0.0	0.0	0.0	0.0	0.0	0.0
k__Bacteria;p__Proteobacteria;c__Deltaproteobacteria;o__Desulfuromonadales;f__Desulfuromonadaceae	2.0	6.0	4.0	3.0	7.0	9.0	10.0	4.0	2.0	16.0	14.0	4.0	1.0	6.0	2.0	4.0	9.0	9.0	11.0	4.0	10.0	6.0	6.0	3.0	5.0	7.0	8.0	5.0	2.0	11.0	5.0	13.0	10.0	9.0	9.0	9.0	0.0	16.0	7.0	0.0	5.0	9.0	6.0	6.0	13.0	13.0
k__Bacteria;p__Proteobacteria;c__Deltaproteobacteria;o__Desulfuromonadales;f__Geobacteraceae	106.0	7.0	20.0	10.0	19.0	28.0	8.0	18.0	3.0	16.0	34.0	16.0	9.0	25.0	31.0	25.0	29.0	21.0	40.0	10.0	29.0	14.0	18.0	16.0	36.0	17.0	36.0	4.0	12.0	28.0	26.0	29.0	25.0	24.0	40.0	19.0	0.0	26.0	20.0	7.0	11.0	11.0	29.0	18.0	19.0	47.0
k__Bacteria;p__Proteobacteria;c__Deltaproteobacteria;o__Desulfuromonadales;f__Pelobacteraceae	0.0	1.0	2.0	2.0	1.0	2.0	1.0	0.0	0.0	1.0	5.0	1.0	1.0	0.0	2.0	2.0	5.0	1.0	4.0	0.0	1.0	1.0	1.0	0.0	1.0	2.0	4.0	1.0	2.0	1.0	1.0	1.0	0.0	1.0	1.0	2.0	0.0	1.0	1.0	2.0	0.0	0.0	2.0	1.0	0.0	3.0
k__Bacteria;p__Proteobacteria;c__Deltaproteobacteria;o__Syntrophobacterales;f__Syntrophaceae	0.0	0.0	1.0	0.0	0.0	0.0	0.0	0.0	0.0	0.0	0.0	0.0	0.0	0.0	0.0	0.0	0.0	0.0	0.0	0.0	0.0	0.0	0.0	0.0	1.0	0.0	0.0	1.0	0.0	0.0	0.0	1.0	0.0	0.0	0.0	0.0	0.0	0.0	0.0	1.0	0.0	0.0	1.0	0.0	0.0	0.0
k__Bacteria;p__Proteobacteria;c__Deltaproteobacteria;o__Syntrophobacterales;f__Syntrophorhabdaceae	2.0	0.0	0.0	1.0	0.0	0.0	0.0	0.0	0.0	0.0	0.0	0.0	0.0	0.0	1.0	0.0	0.0	0.0	0.0	1.0	0.0	0.0	0.0	0.0	0.0	0.0	0.0	0.0	0.0	0.0	0.0	0.0	0.0	0.0	0.0	0.0	0.0	0.0	0.0	0.0	0.0	0.0	0.0	0.0	0.0	0.0
k__Bacteria;p__Proteobacteria;c__Epsilonproteobacteria;o__Campylobacterales;f__Campylobacteraceae	7.0	0.0	0.0	1.0	0.0	1.0	0.0	0.0	0.0	1.0	1.0	0.0	1.0	0.0	1.0	0.0	2.0	0.0	2.0	2.0	0.0	0.0	0.0	1.0	0.0	0.0	1.0	0.0	0.0	0.0	1.0	3.0	0.0	1.0	1.0	0.0	0.0	1.0	0.0	0.0	0.0	0.0	0.0	2.0	0.0	1.0
k__Bacteria;p__Proteobacteria;c__Gammaproteobacteria;o__Aeromonadales;f__Aeromonadaceae	12.0	0.0	0.0	0.0	1.0	0.0	0.0	0.0	0.0	0.0	1.0	2.0	1.0	0.0	0.0	0.0	0.0	1.0	1.0	0.0	2.0	0.0	1.0	0.0	1.0	0.0	0.0	0.0	1.0	2.0	2.0	1.0	0.0	1.0	1.0	0.0	0.0	3.0	2.0	0.0	0.0	3.0	0.0	1.0	0.0	0.0
k__Bacteria;p__Proteobacteria;c__Gammaproteobacteria;o__Alteromonadales;f__Shewanellaceae	0.0	0.0	0.0	0.0	1.0	1.0	0.0	0.0	0.0	1.0	0.0	0.0	0.0	0.0	0.0	0.0	0.0	0.0	0.0	0.0	1.0	2.0	0.0	1.0	1.0	0.0	1.0	0.0	0.0	0.0	0.0	0.0	1.0	0.0	0.0	0.0	0.0	1.0	0.0	0.0	0.0	0.0	0.0	0.0	0.0	1.0
k__Bacteria;p__Proteobacteria;c__Gammaproteobacteria;o__Enterobacteriales;f__Enterobacteriaceae	4.0	33.0	24.0	45.0	122.0	146.0	39.0	84.0	125.0	45.0	47.0	37.0	5.0	24.0	10.0	24.0	80.0	143.0	35.0	55.0	59.0	28.0	49.0	46.0	15.0	56.0	25.0	12.0	24.0	25.0	21.0	13.0	29.0	35.0	33.0	1.0	0.0	1.0	10.0	4.0	4.0	6.0	0.0	1.0	3.0	3.0
k__Bacteria;p__Proteobacteria;c__Gammaproteobacteria;o__Pseudomonadales;f__Moraxellaceae	2.0	0.0	6.0	0.0	1.0	2.0	1.0	1.0	0.0	1.0	2.0	0.0	0.0	2.0	2.0	2.0	1.0	3.0	1.0	0.0	2.0	1.0	0.0	4.0	1.0	1.0	2.0	0.0	1.0	4.0	0.0	2.0	0.0	1.0	2.0	2.0	0.0	0.0	0.0	1.0	1.0	1.0	1.0	1.0	1.0	3.0
k__Bacteria;p__Proteobacteria;c__Gammaproteobacteria;o__Pseudomonadales;f__Pseudomonadaceae	1.0	0.0	1.0	0.0	1.0	1.0	3.0	5.0	1.0	2.0	2.0	0.0	1.0	1.0	3.0	4.0	1.0	4.0	2.0	0.0	4.0	2.0	3.0	3.0	4.0	4.0	8.0	2.0	2.0	4.0	3.0	1.0	1.0	1.0	1.0	2.0	0.0	2.0	4.0	0.0	0.0	5.0	2.0	4.0	3.0	7.0
k__Bacteria;p__Proteobacteria;c__Gammaproteobacteria;o__Xanthomonadales;f__Xanthomonadaceae	1.0	2.0	2.0	1.0	4.0	5.0	7.0	4.0	2.0	1.0	9.0	4.0	4.0	3.0	8.0	4.0	3.0	5.0	6.0	4.0	4.0	3.0	4.0	6.0	6.0	8.0	2.0	2.0	6.0	13.0	8.0	10.0	10.0	7.0	4.0	2.0	0.0	4.0	2.0	3.0	3.0	3.0	6.0	2.0	2.0	11.0
k__Bacteria;p__Spirochaetes;c__Spirochaetes;o__Spirochaetales;f__Spirochaetaceae	1.0	0.0	0.0	0.0	0.0	0.0	0.0	0.0	0.0	0.0	1.0	0.0	1.0	0.0	0.0	0.0	1.0	0.0	0.0	0.0	1.0	1.0	1.0	0.0	0.0	0.0	0.0	0.0	1.0	1.0	1.0	0.0	0.0	0.0	0.0	0.0	0.0	1.0	0.0	1.0	0.0	0.0	0.0	0.0	0.0	1.0
k__Bacteria;p__Tenericutes;c__Mollicutes;o__;f__	0.0	0.0	0.0	0.0	0.0	1.0	0.0	0.0	0.0	0.0	0.0	0.0	1.0	0.0	1.0	1.0	0.0	0.0	0.0	0.0	0.0	0.0	0.0	0.0	0.0	0.0	0.0	0.0	0.0	0.0	0.0	0.0	0.0	0.0	0.0	0.0	0.0	0.0	0.0	0.0	0.0	0.0	0.0	0.0	0.0	0.0
k__Bacteria;p__Tenericutes;c__Mollicutes;o__RF39;f__	181.0	402.0	193.0	177.0	237.0	270.0	1298.0	536.0	295.0	497.0	504.0	526.0	60.0	49.0	183.0	641.0	620.0	499.0	194.0	484.0	187.0	101.0	257.0	221.0	177.0	514.0	783.0	69.0	315.0	431.0	294.0	367.0	404.0	128.0	515.0	445.0	119.0	205.0	475.0	292.0	536.0	505.0	542.0	389.0	258.0	366.0
k__Bacteria;p__Verrucomicrobia;c__Verrucomicrobiae;o__Verrucomicrobiales;f__Verrucomicrobiaceae	2389.0	315.0	250.0	519.0	514.0	437.0	638.0	1724.0	1061.0	2412.0	1299.0	1011.0	117.0	120.0	866.0	12.0	855.0	1.0	1440.0	1148.0	871.0	834.0	2227.0	2156.0	1403.0	60.0	1059.0	334.0	861.0	1318.0	806.0	167.0	903.0	1053.0	399.0	2927.0	687.0	314.0	4172.0	2450.0	1990.0	2407.0	1885.0	1578.0	1026.0	1941.0
